0.312243	0.58034	0	0	0.312243	0.58034	0.6	0.6	5.19994	0
0.779913	0.722413	6.6526	1.97673	0.862916	0.534212	0.859997	0.600045	5.19975	0.00179686
1.19545	0.535059	10.3164	-0.0111011	1.17385	0.481073	1.11998	0.600225	5.19943	0.00538996
1.03776	0.564061	4.62334	2.5415	0.969149	0.397513	1.37996	0.600629	5.19898	0.0107781
1.36574	0.699599	4.98487	2.12813	1.65063	0.62469	1.6399	0.601347	5.19839	0.0179597
1.72636	0.642239	5.39915	0.972666	1.62331	0.499091	1.89982	0.60247	5.19766	0.0269323
2.04056	0.688013	5.51775	0.840007	2.18882	0.648739	2.1597	0.604086	5.19678	0.0376932
2.28151	0.688914	5.27743	0.640339	1.96701	0.557117	2.41954	0.606284	5.19573	0.0502389
2.56904	0.711897	5.33009	0.56166	2.65526	0.66598	2.67932	0.609155	5.1945	0.0645654
2.8499	0.696137	5.32304	0.340099	2.92034	0.645898	2.93904	0.612786	5.19309	0.080668
3.09711	0.701469	5.29161	0.309778	3.01222	0.637046	3.19869	0.617267	5.19147	0.0985415
3.3918	0.625432	5.32892	-0.0951238	3.56096	0.485311	3.45825	0.622685	5.18963	0.11818
3.70665	0.553558	5.43409	-0.393786	3.89365	0.311793	3.71772	0.62913	5.18754	0.139576
3.98757	0.575105	5.48647	-0.231941	4.19786	0.698311	3.97708	0.636689	5.18519	0.162724
4.26999	0.56629	5.50074	-0.224486	4.30935	0.578564	4.23632	0.645449	5.18256	0.187614
4.52675	0.589754	5.32289	-0.106294	4.61908	0.68951	4.49542	0.655498	5.17962	0.214238
4.71311	0.672353	5.16868	0.237561	4.35143	0.899174	4.75437	0.666921	5.17634	0.242587
4.96538	0.669853	5.00783	0.167834	5.20901	0.66599	5.01315	0.679804	5.1727	0.272649
5.26731	0.665389	5.1057	0.109837	5.51894	0.648233	5.27175	0.694234	5.16867	0.304413
5.52888	0.672003	5.27665	0.130359	5.22834	0.639362	5.53013	0.710295	5.16422	0.337868
5.83056	0.683975	5.34695	0.140763	6.022	0.708619	5.78828	0.728072	5.15932	0.372999
6.07075	0.621705	5.10986	-0.110276	5.89392	0.373584	6.04618	0.747647	5.15393	0.409793
6.32357	0.720766	5.09092	0.239892	6.34249	0.948833	6.30379	0.769103	5.14803	0.448233
6.57392	0.752127	5.04393	0.301233	6.62134	0.836138	6.5611	0.792523	5.14157	0.488305
6.81975	0.750474	5.03405	0.247594	6.78214	0.714036	6.81808	0.817988	5.13452	0.52999
7.06171	0.734234	4.84456	0.136995	7.29121	0.630741	7.07469	0.845578	5.12685	0.573269
7.27246	0.81761	4.77501	0.389254	7.13735	0.957217	7.3309	0.875373	5.11851	0.618123
7.57339	0.831459	5.18089	0.392502	8.08349	0.819605	7.58668	0.907449	5.10946	0.664531
7.83052	0.805512	5.18337	0.2477	7.80533	0.719126	7.84199	0.941886	5.09966	0.712469
8.07845	0.822784	4.96249	0.245355	8.40453	0.884557	8.0968	0.978759	5.08907	0.761915
8.31347	0.83849	4.93715	0.258116	8.24796	0.840322	8.35106	1.01814	5.07766	0.812843
8.5868	0.935428	5.2639	0.549166	8.45858	1.41118	8.60472	1.06011	5.06537	0.865226
8.83114	0.996332	5.22431	0.656174	8.74615	1.04858	8.85775	1.10473	5.05216	0.919037
9.12357	1.03598	5.25404	0.669747	9.8809	1.1419	9.1101	1.15208	5.03798	0.974245
9.36512	1.06475	5.2143	0.658259	9.25579	1.04913	9.36172	1.20223	5.0228	1.03082
9.6461	1.14274	5.25933	0.797274	10.1016	1.52474	9.61255	1.25524	5.00656	1.08873
9.92593	1.27904	5.27816	1.09064	10.0484	1.44598	9.86254	1.31118	4.98922	1.14794
10.1708	1.36583	4.97559	1.15785	10.5377	1.72555	10.1117	1.37011	4.97074	1.20841
10.3902	1.44187	4.91641	1.21779	10.2492	1.45907	10.3598	1.4321	4.95106	1.2701
10.6203	1.51527	4.66747	1.22695	10.9084	1.70343	10.6069	1.49721	4.93014	1.33298
10.8369	1.53232	4.64346	1.09608	10.7313	1.45265	10.853	1.56549	4.90794	1.39701
11.1091	1.57337	4.88638	1.07132	11.4783	1.42876	11.0979	1.637	4.8844	1.46213
11.393	1.61453	4.96465	1.02737	11.587	1.61462	11.3416	1.71179	4.85948	1.52832
11.6246	1.65419	4.85489	0.98275	11.4763	1.53917	11.584	1.78992	4.83313	1.59551
11.8511	1.72309	4.82016	1.04455	11.7788	1.74591	11.8251	1.87144	4.80531	1.66366
12.1115	1.80885	5.00634	1.16646	12.136	2.14937	12.0647	1.95639	4.77598	1.73273
12.3581	1.83536	5.00472	1.07211	12.3226	1.78353	12.3029	2.04482	4.74508	1.80265
12.6178	1.88266	5.11757	1.06582	12.5457	1.77728	12.5394	2.13677	4.71257	1.87338
12.8177	2.04157	4.99196	1.38851	12.5924	2.17509	12.7743	2.23227	4.67842	1.94485
13.0878	2.153	5.1479	1.53237	13.2198	2.6644	13.0075	2.33137	4.64258	2.01701
13.2948	2.31063	5.03572	1.78046	13.0875	2.40708	13.2388	2.43409	4.605	2.08981
13.468	2.44393	4.557	1.86928	12.7087	3.12439	13.4682	2.54047	4.56565	2.16317
13.7161	2.56678	4.58982	1.95209	13.836	2.62479	13.6955	2.65053	4.52448	2.23703
13.9367	2.66854	4.5439	1.96072	13.8302	2.73893	13.9208	2.7643	4.48147	2.31134
14.164	2.83521	4.52812	2.1618	14.2106	2.94205	14.1439	2.88179	4.43656	2.38601
14.4172	2.94426	4.73534	2.1923	14.5568	2.87021	14.3646	3.00303	4.38974	2.46099
14.6278	3.00413	4.69688	2.05259	14.4616	2.90734	14.583	3.12802	4.34097	2.5362
14.8607	3.15764	4.73967	2.21693	14.6754	3.96041	14.7989	3.25679	4.29021	2.61157
15.073	3.36843	4.66698	2.51311	15.0261	3.5067	15.0122	3.38932	4.23744	2.68703
15.2844	3.52043	4.41917	2.54841	15.3685	4.14761	15.2228	3.52563	4.18263	2.76249
15.4986	3.7202	4.38656	2.75957	15.5236	3.82936	15.4306	3.66572	4.12575	2.83789
15.7124	3.83296	4.32857	2.67271	15.7234	3.4105	15.6355	3.80957	4.06678	2.91315
15.9354	3.97759	4.33838	2.70288	15.9774	4.00094	15.8375	3.95719	4.00571	2.98817
16.1356	4.10901	4.10317	2.64213	16.3376	4.21632	16.0363	4.10854	3.94251	3.0629
16.3264	4.32392	4.0506	2.88369	16.3313	4.44499	16.2319	4.26363	3.87716	3.13723
16.5418	4.46979	4.0974	2.89147	16.7586	4.48231	16.4242	4.42242	3.80966	3.21109
16.717	4.64748	4.02861	2.99367	16.6039	4.67344	16.613	4.5849	3.74	3.28438
16.8778	4.79448	3.61221	2.89718	16.9236	5.10119	16.7983	4.75103	3.66817	3.35704
17.0282	5.05279	3.5164	3.2288	16.9955	5.21099	16.9799	4.92077	3.59416	3.42897
17.2067	5.18886	3.50197	3.14559	17.3421	4.64623	17.1579	5.09409	3.51797	3.50008
17.3582	5.38855	3.44074	3.27235	17.2894	5.43542	17.3319	5.27094	3.4396	3.57028
17.5248	5.51497	3.35828	3.13859	17.6463	4.74597	17.5019	5.45128	3.35907	3.63949
17.7137	5.6461	3.40907	3.05977	17.7853	5.62476	17.6679	5.63506	3.27637	3.70762
17.8692	5.80278	3.23783	3.02789	17.9216	6.07151	17.8297	5.82221	3.19151	3.77458
18.0322	6.03256	3.21277	3.24922	18.1263	6.16985	17.9872	6.01269	3.10453	3.84027
18.1908	6.21704	3.19303	3.31048	18.1245	6.79027	18.1402	6.20641	3.01542	3.90462
18.3022	6.50399	3.05257	3.66629	18.2164	6.66138	18.2888	6.40332	2.92421	3.96753
18.4414	6.69311	2.91998	3.6483	18.4022	7.02231	18.4328	6.60333	2.83093	4.0289
18.5884	6.83383	2.93786	3.53128	18.5422	6.76013	18.572	6.80638	2.7356	4.08867
18.745	7.02179	3.00086	3.57896	18.8089	7.24388	18.7064	7.01237	2.63825	4.14672
18.9455	7.1722	3.11425	3.48378	19.1441	7.18344	18.8359	7.22122	2.53893	4.20299
19.0461	7.33123	2.74848	3.35625	18.5479	7.4012	18.9604	7.43283	2.43767	4.25737
19.1167	7.65896	2.55008	3.82253	19.0138	7.8688	19.0798	7.64712	2.3345	4.3098
19.2453	7.8439	2.54773	3.80158	19.3089	7.67375	19.1939	7.86397	2.22949	4.36017
19.3155	8.09305	2.40625	3.98369	19.132	8.12845	19.3028	8.08329	2.12266	4.40842
19.4188	8.28674	2.38192	3.97801	19.0239	8.17194	19.4062	8.30497	2.01409	4.45445
19.516	8.4352	2.3581	3.8466	19.347	8.30741	19.5042	8.5289	1.90381	4.49819
19.6191	8.6102	2.20503	3.7446	19.6843	8.35902	19.5966	8.75494	1.7919	4.53956
19.777	8.80607	2.30008	3.75193	20.0039	8.8906	19.6835	8.983	1.67841	4.57848
19.863	8.99639	2.0702	3.69208	19.6061	9.48659	19.7645	9.21294	1.56341	4.61488
19.9784	9.26802	2.05726	3.92618	20.1574	9.45949	19.8398	9.44463	1.44697	4.64869
20.0376	9.45473	1.74834	3.80815	19.6163	9.76606	19.9093	9.67795	1.32916	4.67984
20.1046	9.74177	1.66286	4.07863	20.1573	9.90876	19.9728	9.91275	1.21005	4.70826
20.1644	9.99303	1.62323	4.23457	19.1911	11.5493	20.0303	10.1489	1.08972	4.73389
20.2003	10.3125	1.47887	4.54264	20.166	10.4687	20.0818	10.3863	0.968259	4.75666
20.2245	10.523	1.14126	4.38813	19.6775	10.803	20.1271	10.6247	0.845742	4.77652
20.2719	10.8325	1.07799	4.6334	20.371	11.0109	20.1663	10.864	0.722256	4.7934
20.2955	11.0926	0.943691	4.69225	19.4335	12.3402	20.1993	11.1041	0.597892	4.80727
20.3344	11.3379	0.920707	4.72399	20.3164	11.3483	20.2261	11.3449	0.472738	4.81807
20.2951	11.5509	0.358575	4.46779	19.2063	12.2418	20.2466	11.5861	0.346889	4.82575
20.3627	11.8005	0.452875	4.5177	20.6141	11.9422	20.2608	11.8275	0.220439	4.83027
20.3835	12.0333	0.575777	4.61676	19.966	11.9688	20.2687	12.0692	0.093487	4.83159
20.3648	12.3578	0.425088	4.88249	20.3263	12.4966	20.2701	12.3108	-0.0338694	4.82968
20.3304	12.5601	-0.0294276	4.56789	20.0192	12.4823	20.2652	12.5522	-0.161529	4.82451
20.3568	12.805	0.0230695	4.59967	20.498	12.8924	20.254	12.7933	-0.28939	4.81605
20.3585	13.0048	-0.0852403	4.43603	20.9151	12.2555	20.2363	13.0339	-0.417348	4.80428
20.3224	13.2259	-0.15495	4.44732	20.1943	13.1688	20.2122	13.2738	-0.545298	4.78918
20.2907	13.4401	-0.266483	4.39347	19.858	13.5236	20.1818	13.5129	-0.673135	4.77072
20.2605	13.7336	-0.343055	4.59161	20.3245	13.8896	20.1449	13.7509	-0.800753	4.74892
20.2196	13.9292	-0.583137	4.36685	20.3387	13.5307	20.1017	13.9878	-0.928043	4.72374
20.1492	14.2211	-0.714681	4.57314	20.1216	14.337	20.0521	14.2233	-1.0549	4.69521
20.0831	14.4306	-0.893446	4.44743	19.6717	14.4038	19.9962	14.4573	-1.18121	4.66331
19.9571	14.7263	-1.1167	4.66906	19.781	14.773	19.934	14.6897	-1.30687	4.62805
19.8931	14.9258	-1.17865	4.53663	20.1149	14.0165	19.8655	14.9202	-1.43177	4.58944
19.8762	15.146	-1.07923	4.50186	20.0208	15.2053	19.7908	15.1486	-1.55581	4.54751
19.7732	15.3143	-1.65799	3.98041	20.0157	15.3443	19.7099	15.3749	-1.67887	4.50226
19.7444	15.4976	-1.52545	3.91753	19.9131	15.554	19.6229	15.5989	-1.80085	4.45372
19.6676	15.6737	-1.55013	3.83873	19.9388	15.0864	19.5298	15.8203	-1.92164	4.40193
19.5399	15.9275	-1.69993	4.01533	19.4748	16.0098	19.4307	16.039	-2.04114	4.3469
19.4419	16.12	-1.73436	3.99297	19.1556	16.0022	19.3257	16.2549	-2.15925	4.28868
19.3293	16.3199	-1.79453	4.00486	19.238	16.2719	19.2148	16.4679	-2.27586	4.22731
19.2235	16.4926	-1.99065	3.78881	19.4007	16.2962	19.0981	16.6777	-2.39087	4.16284
19.0693	16.7475	-2.15538	3.97427	19.0029	16.8387	18.9757	16.8841	-2.50418	4.0953
18.9264	16.9198	-2.59191	3.58522	18.8373	17.7112	18.8477	17.0872	-2.61571	4.02476
18.707	17.2114	-2.86736	3.89937	18.6148	17.3832	18.7142	17.2866	-2.72534	3.95127
18.5846	17.4197	-2.66747	4.07525	18.8177	17.0316	18.5752	17.4822	-2.83299	3.87489
18.3592	17.6488	-2.90131	4.17677	18.1023	17.5529	18.4309	17.674	-2.93858	3.79568
18.2066	17.8383	-2.96054	4.07982	18.2749	17.4877	18.2814	17.8617	-3.042	3.71372
18.1029	18.0232	-2.84293	4.01486	18.2094	18.0461	18.1268	18.0453	-3.14318	3.62906
17.9335	18.1606	-3.16103	3.571	18.3021	17.498	17.9671	18.2246	-3.24204	3.5418
17.8299	18.2869	-2.99902	3.42309	17.9018	18.2183	17.8026	18.3994	-3.3385	3.45199
17.7062	18.449	-3.01219	3.29915	18.8558	18.1364	17.6334	18.5697	-3.43247	3.35973
17.491	18.6627	-3.19736	3.44285	17.3845	18.7039	17.4595	18.7353	-3.5239	3.26509
17.3191	18.7862	-3.37832	3.12989	17.7945	18.0801	17.281	18.8962	-3.61271	3.16817
17.1658	18.9233	-3.32888	3.07755	17.1762	18.8863	17.0983	19.0521	-3.69883	3.06904
16.997	19.086	-3.41923	3.00812	16.9398	19.7311	16.9113	19.203	-3.78221	2.9678
16.7706	19.2186	-3.54573	2.99052	16.5734	19.052	16.7201	19.3488	-3.86278	2.86455
16.5752	19.3684	-3.73834	2.82253	16.1674	20.2201	16.5251	19.4894	-3.9405	2.75938
16.3245	19.5593	-3.92537	2.96509	16.2338	19.6171	16.3262	19.6246	-4.01531	2.65237
16.1061	19.6295	-4.10872	2.57429	16.4366	18.2742	16.1237	19.7545	-4.08716	2.54364
15.8937	19.7851	-4.14154	2.63894	15.9243	19.8703	15.9176	19.8789	-4.15602	2.43329
15.6983	19.9023	-4.08165	2.62766	16.2328	19.2166	15.7082	19.9978	-4.22185	2.32141
15.4546	20.081	-4.20872	2.75148	15.4332	20.1836	15.4956	20.111	-4.28461	2.2081
15.2202	20.229	-4.39019	2.62964	14.3677	21.3406	15.2799	20.2185	-4.34427	2.09347
15.0584	20.3548	-4.23957	2.59339	15.2016	20.4385	15.0613	20.3203	-4.4008	1.97763
14.8222	20.4321	-4.43382	2.2549	14.7476	19.9571	14.84	20.4162	-4.4542	1.86068
14.615	20.5526	-4.40086	2.26648	14.6665	20.6088	14.6161	20.5063	-4.50443	1.74272
14.3669	20.6403	-4.61878	1.98437	13.841	21.0031	14.3897	20.5904	-4.55149	1.62386
14.1252	20.7136	-4.63257	1.93116	14.0521	20.5924	14.1611	20.6686	-4.59537	1.50421
13.8798	20.7837	-4.78266	1.6779	13.8232	20.859	13.9304	20.7408	-4.63606	1.38386
13.5976	20.8541	-4.88779	1.66509	13.4686	20.7253	13.6977	20.807	-4.67357	1.26294
13.3458	20.8822	-5.05739	1.25241	13.8263	20.4261	13.4632	20.8671	-4.70789	1.14153
13.1118	20.9157	-4.99215	1.18188	13.1072	20.8294	13.2271	20.9211	-4.73904	1.01975
12.8706	20.9725	-5.02534	1.07745	13.2669	21.1579	12.9895	20.969	-4.76702	0.897694
12.7071	21.0042	-4.78206	0.99714	12.8729	21.0592	12.7506	21.0108	-4.79186	0.775469
12.4371	21.0464	-4.96225	0.815539	11.5171	21.6724	12.5106	21.0465	-4.81358	0.653175
12.1927	21.0904	-4.95428	0.82118	12.2062	21.11	12.2695	21.0761	-4.83219	0.530912
11.9476	21.1064	-5.04647	0.559352	12.3859	21.1066	12.0276	21.0996	-4.84773	0.408778
11.7205	21.0755	-4.94916	0.424619	11.6814	20.8651	11.785	21.117	-4.86022	0.286869
11.4634	21.0589	-5.03962	0.187544	11.5265	20.6748	11.5418	21.1283	-4.86971	0.165281
11.2679	21.0517	-4.87984	0.132945	11.363	21.0688	11.2982	21.1335	-4.87623	0.0441057
10.9978	21.0119	-5.01348	-0.127088	10.5558	20.5567	11.0544	21.1327	-4.87982	-0.076565
10.8095	20.9731	-4.82967	-0.216568	10.8903	20.927	10.8105	21.1259	-4.88053	-0.196643
10.5355	20.9744	-4.91464	-0.157622	9.30535	21.3896	10.5666	21.1131	-4.8784	-0.31604
10.2261	21.0289	-5.11705	-0.00556277	10.189	21.209	10.3229	21.0943	-4.87349	-0.434674
9.9652	21.0114	-5.21726	-0.248224	9.97958	21.2932	10.0795	21.0697	-4.86585	-0.552463
9.81821	20.9654	-4.8907	-0.353383	9.99634	20.9797	9.83658	21.0391	-4.85554	-0.669327
9.56921	20.9532	-4.90564	-0.340202	9.38223	21.111	9.59422	21.0028	-4.84262	-0.785189
9.41304	20.9027	-4.64603	-0.436413	9.53921	20.8762	9.35258	20.9607	-4.82714	-0.899977
9.18607	20.8556	-4.7224	-0.733619	9.63392	20.9724	9.11177	20.9128	-4.80919	-1.01362
8.85359	20.8431	-4.99828	-0.655332	8.70331	20.8221	8.87192	20.8594	-4.78881	-1.12605
8.63188	20.76	-4.97289	-0.961102	9.84634	20.009	8.63315	20.8003	-4.76608	-1.2372
8.34108	20.6811	-5.07629	-1.01226	8.22277	20.4839	8.39557	20.7358	-4.74108	-1.34701
8.08841	20.6036	-5.12478	-1.23684	8.29647	20.4978	8.1593	20.6657	-4.71387	-1.45542
7.86151	20.5191	-5.03359	-1.29053	7.88599	20.45	7.92445	20.5903	-4.68453	-1.56237
7.62605	20.4354	-5.06416	-1.57269	8.29081	20.6565	7.69111	20.5096	-4.65313	-1.66781
7.29311	20.3796	-5.29644	-1.50668	7.18029	20.392	7.45939	20.4237	-4.61975	-1.7717
7.02821	20.2876	-5.31225	-1.60843	7.09214	20.1196	7.22939	20.3326	-4.58448	-1.87399
6.78551	20.199	-5.2446	-1.63003	6.81542	20.1859	7.00119	20.2364	-4.54738	-1.97462
6.53402	20.1096	-5.23638	-1.73252	6.89359	20.1536	6.7749	20.1352	-4.50854	-2.07357
6.32021	20.0125	-5.09673	-1.76325	6.38914	20.0137	6.55059	20.0292	-4.46805	-2.17079
6.08425	19.9196	-5.0838	-1.92808	6.67637	20.2142	6.32834	19.9183	-4.42598	-2.26625
5.84222	19.8224	-5.04901	-1.93206	5.86119	19.8306	6.10823	19.8027	-4.38241	-2.35993
5.57497	19.6804	-5.1464	-2.28515	5.28178	19.5036	5.89034	19.6824	-4.33744	-2.45178
5.46988	19.5435	-4.70487	-2.35696	5.69089	19.5755	5.67472	19.5577	-4.29114	-2.5418
5.25691	19.3929	-4.66055	-2.55062	5.9506	18.9859	5.46145	19.4284	-4.24359	-2.62995
5.07331	19.2875	-4.52696	-2.51583	5.17021	19.4397	5.25059	19.2948	-4.19488	-2.71622
4.88432	19.1723	-4.41989	-2.49403	5.87397	19.301	5.04219	19.157	-4.1451	-2.80059
4.76126	19.0227	-4.13149	-2.55857	4.89149	18.982	4.8363	19.015	-4.09432	-2.88305
4.53082	18.8706	-4.24675	-2.83537	3.98679	19.0452	4.63297	18.8689	-4.04263	-2.96359
4.37472	18.739	-4.08876	-2.82448	4.4685	18.834	4.43224	18.7188	-3.99012	-3.0422
4.1902	18.5938	-4.02798	-2.82969	4.69245	18.4634	4.23416	18.5648	-3.93685	-3.11888
4.10081	18.4431	-3.70308	-2.86391	4.26269	18.481	4.03876	18.4071	-3.88293	-3.19362
3.89276	18.2682	-3.84845	-3.35168	3.42434	18.8357	3.84606	18.2457	-3.82841	-3.26644
3.59699	18.1239	-4.15302	-3.29177	3.45919	18.167	3.65611	18.0807	-3.77339	-3.33732
3.42678	17.9739	-4.02731	-3.1566	4.3011	17.9267	3.46891	17.9122	-3.71795	-3.40627
3.18673	17.8091	-4.13743	-3.16577	3.12525	17.7493	3.28449	17.7402	-3.66215	-3.47331
2.96676	17.6263	-4.21223	-3.48518	2.65664	17.888	3.10287	17.565	-3.60609	-3.53844
2.82046	17.5061	-4.03839	-3.38677	2.9449	17.8154	2.92405	17.3866	-3.54982	-3.60167
2.64804	17.2903	-3.97868	-3.76094	3.26647	17.0897	2.74805	17.2051	-3.49344	-3.66302
2.49351	17.0958	-3.84781	-3.77627	2.55407	17.0853	2.57486	17.0205	-3.437	-3.72251
2.31233	16.9307	-3.79613	-3.53878	2.55039	16.8884	2.4045	16.833	-3.38059	-3.78014
2.17492	16.7631	-3.64506	-3.52383	2.25371	16.8334	2.23695	16.6427	-3.32428	-3.83595
1.97175	16.5638	-3.70226	-3.56367	1.57735	16.0489	2.07221	16.4497	-3.26812	-3.88995
1.83701	16.3365	-3.54503	-3.65954	1.88972	16.1054	1.91027	16.254	-3.21219	-3.94216
1.66404	16.1582	-3.53341	-3.65371	1.74362	16.2687	1.75112	16.0557	-3.15656	-3.99261
1.46831	15.9945	-3.59281	-3.61709	1.44745	16.0853	1.59474	15.8549	-3.10129	-4.04132
1.3102	15.7597	-3.54162	-4.05426	1.6097	15.5526	1.44111	15.6517	-3.04644	-4.08832
1.15648	15.535	-3.46935	-4.09595	1.18395	15.4284	1.29021	15.4463	-2.99207	-4.13364
0.974294	15.3405	-3.49646	-4.06517	0.828993	15.528	1.14201	15.2386	-2.93825	-4.1773
0.769029	15.117	-3.58322	-4.10445	0.722706	15.0075	0.996486	15.0288	-2.88503	-4.21933
0.613793	14.9356	-3.51247	-3.97607	1.03147	15.2134	0.853604	14.8169	-2.83246	-4.25977
0.562644	14.7297	-3.14396	-3.9825	0.737301	14.7047	0.71333	14.603	-2.78061	-4.29864
0.429492	14.4838	-3.07033	-4.34338	0.722177	14.2445	0.575628	14.3872	-2.72952	-4.33598
0.26674	14.2563	-3.0965	-4.36359	0.253435	14.2029	0.440459	14.1696	-2.67925	-4.37181
0.108169	13.9989	-3.10213	-4.72371	-0.0328023	13.9604	0.307779	13.9502	-2.62984	-4.40617
0.161787	13.7517	-2.48235	-4.72731	0.459172	13.6856	0.177545	13.7292	-2.58135	-4.43909
0.040433	13.5061	-2.47234	-4.86169	0.0524412	13.6377	0.0497099	13.5065	-2.53381	-4.47061
-0.127116	13.2661	-2.60313	-4.85921	-0.190344	13.2856	-0.0757753	13.2823	-2.48728	-4.50075
-0.262103	13.0477	-2.62448	-4.65996	-0.275043	13.1456	-0.198962	13.0566	-2.44179	-4.52955
-0.212596	12.8377	-2.08826	-4.59727	0.0462308	12.9301	-0.319903	12.8295	-2.39739	-4.55704
-0.349182	12.6087	-2.18913	-4.49839	-0.684792	12.3563	-0.438654	12.6011	-2.35412	-4.58326
-0.466136	12.3803	-2.21128	-4.50593	-0.476482	12.3633	-0.555273	12.3714	-2.31202	-4.60823
-0.607598	12.1674	-2.30398	-4.5122	-0.972122	12.5207	-0.669818	12.1404	-2.27111	-4.63198
-0.664685	11.9599	-2.13101	-4.47021	-0.582624	12.0386	-0.78235	11.9083	-2.23144	-4.65456
-0.814507	11.7236	-2.25745	-4.56344	-1.26757	11.6495	-0.892931	11.6751	-2.19304	-4.67598
-1.02737	11.4746	-2.55648	-4.61872	-1.17212	11.3988	-1.00163	11.4409	-2.15594	-4.69628
-1.13569	11.2458	-2.51055	-4.50042	-0.891441	10.959	-1.1085	11.2057	-2.12017	-4.71549
-1.31279	11.0209	-2.66482	-4.51172	-1.39289	11.0424	-1.21362	10.9695	-2.08575	-4.73364
-1.41657	10.7668	-2.5333	-4.84317	-1.29894	10.9012	-1.31706	10.7324	-2.05273	-4.75075
-1.5287	10.5086	-2.4909	-4.87003	-1.49687	10.4198	-1.41889	10.4945	-2.02111	-4.76686
-1.64197	10.237	-2.4328	-5.06623	-1.59293	10.0212	-1.51917	10.2559	-1.99093	-4.78198
-1.69745	10.0329	-2.23041	-4.95059	-1.61875	10.2374	-1.61797	10.0165	-1.96221	-4.79615
-1.78483	9.80294	-2.16555	-4.85825	-1.59702	9.96554	-1.71539	9.77637	-1.93498	-4.80939
-1.8256	9.59398	-1.95965	-4.76969	-1.73381	9.71347	-1.81147	9.53564	-1.90924	-4.82172
-1.95744	9.33118	-2.02918	-4.99064	-2.27191	9.37316	-1.90631	9.29431	-1.88502	-4.83316
-2.02964	9.03319	-1.94684	-5.07453	-1.93833	8.77028	-1.99998	9.05243	-1.86233	-4.84374
-2.10579	8.81374	-1.90689	-4.88737	-1.96565	9.13274	-2.09256	8.81003	-1.8412	-4.85347
-2.19382	8.56568	-1.88547	-4.89166	-2.1768	8.5411	-2.18412	8.56717	-1.82164	-4.86238
-2.34072	8.29952	-2.03575	-5.00166	-2.65862	8.19477	-2.27474	8.32388	-1.80365	-4.87047
-2.35651	8.08176	-1.7722	-4.89869	-2.21875	8.15339	-2.3645	8.0802	-1.78726	-4.87778
-2.39916	7.87763	-1.61856	-4.81238	-2.273	8.52315	-2.45348	7.83617	-1.77248	-4.8843
-2.52276	7.62315	-1.74917	-4.86154	-2.59674	7.60288	-2.54177	7.59184	-1.75931	-4.89006
-2.69388	7.3789	-2.05696	-4.76282	-3.08256	7.38874	-2.62944	7.34723	-1.74777	-4.89507
-2.80265	7.12603	-2.07816	-4.7962	-2.79865	7.064	-2.71658	7.10238	-1.73786	-4.89933
-2.85643	6.89405	-1.84776	-4.92159	-2.79412	7.20818	-2.80326	6.85734	-1.72958	-4.90286
-2.86732	6.70642	-1.59102	-4.74621	-2.74651	6.86867	-2.88957	6.61214	-1.72295	-4.90566
-2.90129	6.49903	-1.51002	-4.52116	-2.57673	6.36755	-2.97559	6.36681	-1.71797	-4.90774
-2.95689	6.26996	-1.45235	-4.51408	-2.90217	6.22989	-3.0614	6.12139	-1.71464	-4.90911
-3.0942	6.00786	-1.6008	-4.74207	-3.50172	6.10796	-3.14709	5.87592	-1.71297	-4.90976
-3.19406	5.72069	-1.67598	-4.86494	-3.1778	5.53101	-3.23274	5.63043	-1.71295	-4.9097
-3.30326	5.46871	-1.83236	-4.78051	-3.19736	5.19093	-3.31843	5.38496	-1.71458	-4.90893
-3.41472	5.20002	-1.9004	-4.86395	-3.43031	5.10507	-3.40424	5.13955	-1.71787	-4.90745
-3.48009	4.95374	-1.73465	-4.95528	-3.4281	4.94644	-3.49026	4.89422	-1.72281	-4.90525
-3.61479	4.65443	-1.88906	-5.12188	-3.69435	4.52196	-3.57657	4.64902	-1.72939	-4.90233
-3.71803	4.39881	-2.01759	-5.01419	-3.50501	4.17643	-3.66325	4.40398	-1.73763	-4.89868
-3.87093	4.11021	-2.17316	-5.16121	-4.00238	4.04684	-3.75039	4.15913	-1.74749	-4.8943
-3.94248	3.87624	-1.94144	-5.17128	-4.06447	4.10977	-3.83806	3.91452	-1.75899	-4.88918
-3.99498	3.66217	-1.80958	-5.0048	-3.88053	3.75177	-3.92635	3.67019	-1.77212	-4.8833
-4.07336	3.48206	-1.84793	-4.72316	-4.23729	3.88878	-4.01533	3.42616	-1.78686	-4.87666
-4.16444	3.24008	-1.84691	-4.7382	-4.15119	3.21968	-4.10509	3.18248	-1.8032	-4.86925
-4.28287	2.97806	-1.98808	-4.79345	-4.27467	2.88187	-4.19571	2.93919	-1.82113	-4.86104
-4.38178	2.69169	-2.00327	-4.9301	-4.32451	2.55034	-4.28727	2.69633	-1.84065	-4.85202
-4.4666	2.44444	-1.90239	-4.94952	-4.38481	2.39989	-4.37985	2.45393	-1.86173	-4.84218
-4.57565	2.16607	-1.94158	-5.05937	-4.61223	2.09192	-4.47352	2.21205	-1.88436	-4.83149
-4.67413	1.94814	-2.15561	-4.86956	-4.29257	1.92854	-4.56836	1.97072	-1.90853	-4.81994
-4.80235	1.65447	-2.20564	-5.0514	-4.86829	1.53442	-4.66444	1.72998	-1.93422	-4.80751
-4.92302	1.40492	-2.2844	-5.03587	-4.98165	1.43611	-4.76186	1.48989	-1.9614	-4.79417
-4.97338	1.19861	-2.15457	-4.83192	-4.66779	1.28643	-4.86066	1.25049	-1.99007	-4.7799
-5.06356	1.00384	-2.06726	-4.66951	-4.98594	1.10894	-4.96095	1.01182	-2.02019	-4.76468
-5.11565	0.789322	-1.96795	-4.57024	-4.85498	0.825661	-5.06277	0.77393	-2.05174	-4.74848
-5.21991	0.454806	-2.08092	-4.92737	-4.84736	0.18101	-5.16621	0.536876	-2.08471	-4.73127
-5.2914	0.222767	-2.02054	-4.86039	-5.1231	0.257311	-5.27133	0.300706	-2.11906	-4.71303
-5.40064	-0.0737548	-1.87946	-5.04244	-5.99809	-0.290765	-5.3782	0.0654719	-2.15477	-4.69374
-5.46412	-0.294748	-1.8318	-4.92436	-5.29972	-0.212982	-5.4869	-0.168772	-2.1918	-4.67335
-5.58217	-0.449402	-2.02797	-4.63256	-5.64447	-0.144522	-5.59748	-0.401971	-2.23014	-4.65185
-5.71752	-0.606773	-2.12964	-4.38816	-5.85359	-0.445801	-5.71001	-0.634069	-2.26974	-4.62919
-5.83403	-0.831843	-2.41233	-4.45239	-5.30947	-0.724468	-5.82456	-0.865006	-2.31058	-4.60536
-5.93473	-1.12225	-2.33979	-4.67739	-5.87835	-1.26863	-5.94118	-1.09472	-2.35262	-4.58032
-6.02183	-1.40828	-2.23081	-4.84424	-5.68069	-1.52871	-6.05993	-1.32316	-2.39581	-4.55404
-6.16366	-1.6011	-2.31878	-4.68246	-6.27263	-1.50938	-6.18087	-1.55025	-2.44014	-4.52648
-6.30521	-1.84994	-2.6395	-4.81621	-6.11355	-1.75966	-6.30406	-1.77593	-2.48555	-4.49762
-6.41725	-2.11009	-2.58738	-4.88002	-6.34007	-2.13685	-6.42954	-2.00014	-2.532	-4.46742
-6.57104	-2.29649	-2.57722	-4.65619	-6.99344	-2.17445	-6.55738	-2.22281	-2.57946	-4.43585
-6.72245	-2.49749	-2.64456	-4.55311	-6.79288	-2.4458	-6.68761	-2.44386	-2.62788	-4.40288
-6.87986	-2.70808	-2.74914	-4.51137	-7.14408	-2.67584	-6.82029	-2.66323	-2.6772	-4.36847
-6.96376	-3.00144	-2.59364	-4.73102	-6.8003	-3.10086	-6.95546	-2.88084	-2.7274	-4.3326
-7.09051	-3.22785	-2.53352	-4.67196	-7.13937	-3.22028	-7.09316	-3.09663	-2.7784	-4.29523
-7.21293	-3.40628	-2.56123	-4.50933	-7.12118	-3.26434	-7.23344	-3.3105	-2.83017	-4.25632
-7.35455	-3.67412	-2.59632	-4.64814	-7.77186	-4.08999	-7.37632	-3.5224	-2.88265	-4.21586
-7.51988	-3.77397	-2.7599	-4.24987	-7.49009	-3.49081	-7.52184	-3.73223	-2.93579	-4.1738
-7.66436	-3.98746	-2.86894	-4.3019	-7.52393	-3.88213	-7.67004	-3.93992	-2.98953	-4.13012
-7.81488	-4.22662	-2.86875	-4.36861	-7.88049	-4.29783	-7.82094	-4.14538	-3.04381	-4.08479
-7.96213	-4.45518	-2.87382	-4.39819	-8.08524	-4.57834	-7.97457	-4.34854	-3.09857	-4.03778
-8.12036	-4.70347	-2.88741	-4.47289	-8.22492	-4.79812	-8.13095	-4.5493	-3.15376	-3.98906
-8.25633	-4.90689	-2.70871	-4.31266	-8.453	-4.95621	-8.2901	-4.74759	-3.2093	-3.93862
-8.38082	-5.12267	-2.68449	-4.31754	-8.33552	-5.1059	-8.45204	-4.94331	-3.26514	-3.88641
-8.52943	-5.27989	-2.7003	-4.1128	-8.55062	-4.79248	-8.61678	-5.13637	-3.32121	-3.83242
-8.7185	-5.47038	-2.83012	-4.04827	-8.91477	-5.51752	-8.78433	-5.32669	-3.37745	-3.77663
-8.87615	-5.67383	-2.91117	-4.07354	-9.04115	-5.69364	-8.95469	-5.51417	-3.43377	-3.71901
-9.03237	-5.8523	-2.95034	-4.00033	-9.03391	-5.80267	-9.12788	-5.69872	-3.49012	-3.65955
-9.17116	-6.00148	-2.90418	-3.82601	-8.86897	-5.41973	-9.30388	-5.88026	-3.54643	-3.59823
-9.35402	-6.07548	-3.05863	-3.49263	-9.30811	-5.82368	-9.4827	-6.05868	-3.60261	-3.53503
-9.53201	-6.26337	-3.19427	-3.57501	-9.80646	-6.41174	-9.66432	-6.23389	-3.6586	-3.46994
-9.66316	-6.48717	-3.10471	-3.7094	-9.62547	-6.55958	-9.84874	-6.4058	-3.71431	-3.40295
-9.8914	-6.64957	-3.4332	-3.71541	-10.6688	-6.35543	-10.0359	-6.57431	-3.76969	-3.33404
-10.102	-6.81699	-3.53089	-3.64851	-10.2246	-6.83402	-10.2259	-6.73933	-3.82463	-3.26321
-10.2846	-6.98356	-3.58839	-3.6264	-10.2205	-6.71044	-10.4186	-6.90075	-3.87907	-3.19046
-10.5217	-7.17244	-3.71315	-3.61979	-10.7616	-7.29159	-10.614	-7.05849	-3.93293	-3.11577
-10.7249	-7.31653	-3.7681	-3.50777	-10.8944	-6.83335	-10.8121	-7.21245	-3.98613	-3.03916
-10.9795	-7.48207	-3.92145	-3.45066	-11.2219	-7.56979	-11.0128	-7.36252	-4.03859	-2.96062
-11.157	-7.63097	-3.79562	-3.32976	-10.986	-7.3707	-11.2161	-7.50862	-4.09021	-2.88015
-11.2988	-7.78736	-3.69413	-3.32557	-11.0934	-7.6776	-11.422	-7.65064	-4.14093	-2.79777
-11.4849	-7.92428	-3.70624	-3.24115	-11.4213	-7.46085	-11.6304	-7.78849	-4.19066	-2.71349
-11.666	-8.01585	-3.73428	-3.05733	-11.5269	-7.8215	-11.8413	-7.92208	-4.23932	-2.6273
-11.8457	-8.14198	-3.61999	-2.9115	-11.9422	-7.88317	-12.0546	-8.05131	-4.28682	-2.53924
-12.0656	-8.21424	-3.74501	-2.69988	-12.09	-8.08828	-12.2702	-8.17609	-4.33309	-2.44932
-12.2958	-8.35027	-4.08545	-2.84669	-12.4462	-8.02117	-12.4881	-8.29633	-4.37802	-2.35756
-12.5086	-8.4242	-4.13931	-2.66219	-12.4231	-8.2599	-12.7082	-8.41193	-4.42156	-2.26399
-12.6984	-8.52505	-3.95407	-2.47505	-12.7461	-8.19449	-12.9304	-8.5228	-4.4636	-2.16863
-12.9926	-8.6014	-4.19118	-2.30377	-13.2911	-8.64594	-13.1547	-8.62886	-4.50407	-2.07151
-13.2424	-8.70908	-4.37104	-2.31994	-13.7929	-8.47158	-13.381	-8.73002	-4.54289	-1.97267
-13.4716	-8.74971	-4.43124	-2.11521	-13.384	-8.57583	-13.6092	-8.82619	-4.57997	-1.87214
-13.6653	-8.81144	-4.17984	-1.87562	-13.6376	-8.26344	-13.8392	-8.91729	-4.61524	-1.76997
-13.8932	-8.9209	-4.2138	-1.90828	-13.9959	-8.99264	-14.0709	-9.00324	-4.64861	-1.6662
-14.1473	-9.02072	-4.5109	-2.02688	-14.4737	-8.79552	-14.3043	-9.08395	-4.68001	-1.56086
-14.3781	-9.13828	-4.51495	-2.06744	-14.4273	-9.1875	-14.5391	-9.15936	-4.70936	-1.45402
-14.5865	-9.23607	-4.35282	-1.98208	-14.5757	-9.32634	-14.7754	-9.22939	-4.73658	-1.34573
-14.8991	-9.204	-4.62075	-1.58878	-15.062	-9.04396	-15.013	-9.29397	-4.76161	-1.23603
-15.1464	-9.29811	-4.60474	-1.59353	-15.6189	-9.69365	-15.2517	-9.35302	-4.78436	-1.125
-15.4231	-9.41059	-4.69064	-1.65909	-15.6682	-9.56749	-15.4916	-9.40649	-4.80476	-1.01269
-15.6404	-9.4728	-4.43567	-1.47578	-15.9382	-9.35751	-15.7324	-9.45431	-4.82275	-0.899159
-15.9084	-9.53904	-4.53891	-1.43395	-16.0862	-9.59819	-15.9741	-9.49642	-4.83827	-0.784484
-16.1417	-9.57537	-4.46996	-1.27695	-16.6033	-8.85459	-16.2164	-9.53277	-4.85124	-0.668734
-16.4093	-9.53688	-4.6097	-0.983031	-16.4229	-9.37029	-16.4594	-9.5633	-4.8616	-0.55198
-16.6018	-9.57009	-4.45801	-0.914728	-16.011	-9.33486	-16.7027	-9.58797	-4.8693	-0.434301
-16.9117	-9.51655	-4.68592	-0.608252	-17.1132	-9.43043	-16.9464	-9.60673	-4.87427	-0.315773
-17.152	-9.59885	-4.74133	-0.782685	-16.9255	-10.8571	-17.1903	-9.61954	-4.87646	-0.196479
-17.4312	-9.59769	-4.84726	-0.654856	-17.5448	-9.57485	-17.4342	-9.62636	-4.87583	-0.0765024
-17.6713	-9.61472	-4.68854	-0.52732	-18.1371	-9.39146	-17.6781	-9.62717	-4.87232	0.0440703
-17.9446	-9.55384	-4.8057	-0.274005	-17.9724	-9.42299	-17.9216	-9.62194	-4.86588	0.165151
-18.1686	-9.54682	-4.62797	-0.146917	-18.3083	-9.18778	-18.1648	-9.61064	-4.85648	0.286648
-18.3667	-9.58821	-4.54481	-0.254063	-18.2763	-9.60997	-18.4074	-9.59325	-4.84408	0.40847
-18.5878	-9.60223	-4.59667	-0.293618	-18.2443	-9.58547	-18.6493	-9.56977	-4.82864	0.530522
-18.8582	-9.56446	-4.70209	-0.133255	-18.9545	-9.51544	-18.8904	-9.54017	-4.81012	0.652707
-19.0728	-9.55021	-4.6572	-0.0799811	-18.6983	-9.02886	-19.1305	-9.50447	-4.78851	0.774927
-19.352	-9.3839	-4.81792	0.403877	-19.2983	-9.09865	-19.3694	-9.46265	-4.76378	0.897083
-19.567	-9.33709	-4.56368	0.563486	-19.7037	-8.79906	-19.6069	-9.41472	-4.73591	1.01907
-19.8472	-9.17019	-4.72073	0.96548	-19.8731	-8.96417	-19.8431	-9.36071	-4.70487	1.1408
-20.0783	-9.07572	-4.64349	1.1293	-20.3815	-7.6755	-20.0775	-9.30061	-4.67066	1.26215
-20.2217	-9.25543	-4.38223	0.441807	-20.1607	-9.59663	-20.3102	-9.23446	-4.63328	1.38303
-20.4435	-9.24861	-4.37055	0.405303	-20.4587	-9.7448	-20.5409	-9.16227	-4.59271	1.50334
-20.6922	-9.10784	-4.47361	0.749404	-20.6596	-8.91527	-20.7696	-9.08409	-4.54895	1.62296
-20.9223	-9.05265	-4.3614	0.857113	-21.5568	-8.5005	-20.9959	-8.99994	-4.50202	1.74179
-21.131	-8.95966	-4.35863	0.991681	-21.0195	-8.85081	-21.2198	-8.90987	-4.45191	1.85972
-21.3512	-8.90067	-4.23123	1.07376	-21.8628	-8.64129	-21.4412	-8.81393	-4.39865	1.97666
-21.5483	-8.86235	-4.19701	1.02552	-21.5029	-8.87191	-21.6597	-8.71217	-4.34224	2.0925
-21.7205	-8.76173	-3.83937	1.2662	-21.9514	-7.41274	-21.8754	-8.60465	-4.2827	2.20712
-21.9375	-8.64209	-3.90756	1.43224	-21.9793	-8.57089	-22.0881	-8.49143	-4.22007	2.32043
-22.1406	-8.54978	-4.00922	1.46431	-22.1914	-7.70392	-22.2975	-8.37258	-4.15437	2.43232
-22.3999	-8.40597	-4.14881	1.68307	-22.5838	-8.35296	-22.5035	-8.24817	-4.08564	2.5427
-22.5752	-8.32192	-3.91688	1.7295	-22.3177	-8.57758	-22.7061	-8.11829	-4.01391	2.65145
-22.8612	-7.99216	-4.1651	2.44278	-22.9861	-7.6724	-22.9049	-7.98301	-3.93923	2.75848
-23.0366	-7.8754	-3.76096	2.52446	-23.2693	-8.32031	-23.1	-7.84243	-3.86163	2.8637
-23.2878	-7.6547	-3.91004	2.81209	-23.4777	-7.56583	-23.2911	-7.69663	-3.78118	2.967
-23.4855	-7.50255	-3.95897	2.83349	-23.473	-7.02103	-23.4781	-7.54572	-3.69792	3.06828
-23.6568	-7.37177	-3.90371	2.79397	-23.5408	-7.36069	-23.6609	-7.3898	-3.61191	3.16746
-23.8408	-7.2146	-3.76151	2.87619	-24.0505	-6.56968	-23.8393	-7.22897	-3.52321	3.26445
-23.9982	-7.15556	-3.68316	2.62624	-23.9384	-7.26171	-24.0132	-7.06336	-3.43189	3.35916
-24.1552	-6.99444	-3.40859	2.76621	-24.3577	-5.94086	-24.1825	-6.89307	-3.33801	3.45149
-24.3424	-6.68746	-3.4768	3.24985	-24.2574	-6.4352	-24.347	-6.71823	-3.24166	3.54138
-24.4975	-6.5383	-3.17232	3.27127	-24.788	-7.18367	-24.5066	-6.53896	-3.14289	3.62873
-24.5881	-6.4241	-3.03017	3.11068	-24.3008	-6.43799	-24.6612	-6.35538	-3.0418	3.71347
-24.7174	-6.2599	-2.86954	3.15764	-24.6108	-6.00878	-24.8107	-6.16764	-2.93846	3.79553
-24.9229	-6.00822	-3.00689	3.44278	-25.146	-5.91902	-24.955	-5.97587	-2.83295	3.87484
-25.0442	-5.81535	-2.81596	3.52487	-24.8975	-5.02285	-25.094	-5.7802	-2.72537	3.95132
-25.1864	-5.64052	-2.81832	3.52119	-25.1941	-5.64372	-25.2276	-5.58079	-2.61581	4.02492
-25.3304	-5.46454	-2.78	3.5307	-25.5328	-5.4399	-25.3556	-5.37777	-2.50435	4.09557
-25.497	-5.20447	-2.84506	3.77713	-25.5713	-5.10241	-25.4779	-5.1713	-2.39109	4.16322
-25.6142	-5.0468	-2.73778	3.68936	-25.0178	-6.55904	-25.5946	-4.96152	-2.27613	4.22781
-25.7396	-4.88096	-2.71349	3.63314	-25.6952	-4.89995	-25.7055	-4.7486	-2.15956	4.2893
-25.8501	-4.69176	-2.49807	3.67735	-25.8162	-4.40681	-25.8105	-4.53268	-2.04149	4.34764
-25.9818	-4.4065	-2.52204	3.97057	-25.9516	-4.26659	-25.9096	-4.31392	-1.92202	4.40279
-26.0837	-4.21552	-2.00872	4.01093	-26.8953	-4.43966	-26.0027	-4.0925	-1.80125	4.45471
-26.1868	-3.87363	-2.02606	4.41889	-26.1198	-3.67723	-26.0897	-3.86856	-1.67928	4.50337
-26.2547	-3.65937	-1.59906	4.43691	-26.5652	-3.85723	-26.1706	-3.64227	-1.55623	4.54875
-26.2847	-3.36784	-1.50788	4.6289	-25.9974	-3.24722	-26.2453	-3.41381	-1.4322	4.59081
-26.3279	-3.13515	-1.21777	4.65023	-26.2976	-3.01078	-26.3138	-3.18332	-1.30729	4.62954
-26.3538	-2.89871	-1.15124	4.65574	-26.1741	-2.87885	-26.376	-2.95098	-1.18162	4.66493
-26.4033	-2.68281	-1.03323	4.61319	-26.4681	-3.44967	-26.4319	-2.71697	-1.05529	4.69696
-26.4843	-2.57003	-1.08658	4.27614	-26.674	-2.73852	-26.4815	-2.48143	-0.928411	4.72562
-26.5309	-2.34429	-0.978043	4.31727	-26.657	-1.72382	-26.5247	-2.24456	-0.80109	4.75091
-26.5936	-2.14599	-1.00402	4.26837	-26.6691	-2.17333	-26.5616	-2.0065	-0.673434	4.77284
-26.6148	-1.92039	-0.836991	4.30694	-26.3248	-1.32261	-26.5921	-1.76744	-0.545553	4.79141
-26.6283	-1.63343	-0.78334	4.51086	-26.4671	-1.53207	-26.6161	-1.52753	-0.417552	4.80664
-26.6174	-1.42826	-0.337989	4.45803	-26.4998	-2.19526	-26.6338	-1.28695	-0.289538	4.81852
-26.6294	-1.17871	-0.328052	4.53479	-26.5998	-1.14277	-26.6451	-1.04586	-0.161616	4.8271
-26.6515	-0.969208	-0.180394	4.48772	-27.2008	-1.67679	-26.65	-0.804425	-0.0338883	4.83238
-26.6738	-0.679735	-0.202888	4.67791	-26.7355	-0.59539	-26.6485	-0.562811	0.0935412	4.83439
-26.6555	-0.442682	0.186644	4.68559	-26.9891	0.0351487	-26.6406	-0.321181	0.220572	4.83317
-26.6154	-0.0925601	0.25181	5.01971	-26.4553	0.0602653	-26.6264	-0.0796947	0.347104	4.82874
-26.5892	0.152468	0.511862	4.99599	-26.9537	0.136943	-26.6059	0.161489	0.473041	4.82116
-26.5721	0.47706	0.502396	5.21357	-26.6201	0.57588	-26.5792	0.402213	0.598287	4.81045
-26.5491	0.728659	0.578055	5.18308	-26.8241	0.381506	-26.5462	0.642323	0.722748	4.79667
-26.5537	1.01721	0.518041	5.26931	-26.7293	1.06082	-26.5069	0.881666	0.846334	4.77986
-26.5003	1.30612	0.615549	5.34161	-25.9562	2.60409	-26.4616	1.12009	0.968955	4.76007
-26.4603	1.5092	0.624191	5.15593	-26.3986	1.42212	-26.4101	1.35745	1.09053	4.73737
-26.4118	1.71478	0.823759	4.98696	-26.5072	-0.563928	-26.3526	1.59361	1.21096	4.71181
-26.3725	1.89078	0.808925	4.77437	-26.3594	1.79315	-26.2891	1.82841	1.33018	4.68345
-26.2972	2.11528	1.15684	4.70578	-26.3475	1.82827	-26.2197	2.06173	1.44811	4.65235
-26.2454	2.27906	1.13362	4.49852	-26.2502	2.18481	-26.1444	2.29342	1.56467	4.61859
-26.1749	2.4972	1.22445	4.47174	-26.069	2.27896	-26.0633	2.52336	1.67979	4.58223
-26.1028	2.75924	1.25164	4.58335	-26.0641	2.80701	-25.9765	2.75141	1.79339	4.54334
-26.0039	2.97598	1.7171	4.49692	-26.3234	3.02388	-25.8841	2.97746	1.90543	4.502
-25.8966	3.29745	1.77656	4.77719	-25.8345	3.42005	-25.7861	3.20139	2.01582	4.45828
-25.8064	3.53549	1.93119	4.75163	-26.1824	3.73376	-25.6826	3.42306	2.12452	4.41227
-25.7079	3.71597	1.92237	4.58706	-25.6666	3.63509	-25.5737	3.64239	2.23146	4.36404
-25.5854	3.92031	2.15216	4.48475	-25.5773	3.13316	-25.4596	3.85924	2.3366	4.31367
-25.5304	4.07116	2.03388	4.26892	-25.7492	3.99968	-25.3402	4.07353	2.43989	4.26125
-25.4022	4.26595	2.25587	4.185	-25.3516	3.75691	-25.2157	4.28514	2.54127	4.20686
-25.2408	4.51036	2.35797	4.29093	-25.0214	4.52803	-25.0863	4.49399	2.64071	4.15058
-25.0803	4.71094	2.46712	4.24912	-24.2719	4.30917	-24.9518	4.69998	2.73817	4.09251
-24.9728	4.90308	2.43133	4.18903	-25.0363	4.88499	-24.8126	4.90303	2.83361	4.03273
-24.8075	5.09892	2.69067	4.11611	-24.3609	4.95947	-24.6686	5.10304	2.92701	3.97132
-24.6406	5.33444	2.76165	4.20545	-24.5041	5.35293	-24.5201	5.29995	3.01833	3.90839
-24.4608	5.52184	3.14801	4.07	-24.4379	5.24592	-24.367	5.49367	3.10754	3.84401
-24.277	5.6893	3.18865	3.97112	-24.1159	5.61152	-24.2095	5.68414	3.19464	3.77827
-24.1064	5.85212	3.41678	3.81288	-24.5638	4.75836	-24.0477	5.8713	3.27959	3.71127
-23.9383	6.00306	3.39883	3.69938	-23.9153	5.94377	-23.8818	6.05508	3.36239	3.64309
-23.7815	6.2025	3.20197	3.78724	-23.5491	6.44495	-23.7117	6.23542	3.44302	3.57383
-23.633	6.34854	3.16504	3.6621	-23.6471	6.29102	-23.5377	6.41227	3.52148	3.50357
-23.4739	6.5273	3.27291	3.6181	-23.7544	6.53746	-23.3598	6.58559	3.59775	3.4324
-23.2437	6.79289	3.43273	3.87084	-23.0099	6.86182	-23.1781	6.75533	3.67185	3.36041
-23.0368	6.94326	3.63418	3.70751	-22.7862	5.74143	-22.9928	6.92146	3.74376	3.28768
-22.8309	7.11395	3.67682	3.67125	-22.6991	7.063	-22.804	7.08393	3.8135	3.21431
-22.6056	7.26685	3.99059	3.51114	-22.418	6.76159	-22.6117	7.24273	3.88106	3.14038
-22.4359	7.38288	3.90856	3.33719	-22.5083	7.31524	-22.4161	7.39782	3.94647	3.06598
-22.1922	7.53505	4.35455	3.18133	-22.0543	7.85452	-22.2173	7.54917	4.00974	2.99118
-22.0169	7.67577	4.26217	3.11976	-22.1947	7.69478	-22.0154	7.69679	4.07087	2.91607
-21.8158	7.871	4.15718	3.26472	-21.6178	9.0351	-21.8105	7.84064	4.12989	2.84074
-21.6239	7.99339	4.1084	3.14665	-21.6473	7.94	-21.6026	7.98072	4.18681	2.76526
-21.4236	8.13594	4.19233	3.06333	-21.8637	7.78661	-21.392	8.11703	4.24166	2.68971
-21.2301	8.12123	4.08916	2.59244	-21.0853	7.83229	-21.1787	8.24957	4.29447	2.61417
-21.025	8.28625	4.00113	2.73529	-20.5503	9.28616	-20.9628	8.37833	4.34526	2.53871
-20.8626	8.4356	3.92989	2.75994	-21.0519	8.50983	-20.7444	8.50333	4.39406	2.46341
-20.6016	8.57162	4.39415	2.6307	-19.9265	9.40847	-20.5237	8.62457	4.4409	2.38835
-20.348	8.71437	4.46834	2.67138	-20.21	8.68914	-20.3006	8.74206	4.48582	2.31358
-20.1383	8.85497	4.36248	2.72357	-20.2277	8.8532	-20.0753	8.85583	4.52884	2.23919
-19.9624	8.92935	4.24701	2.54114	-20.0633	8.86724	-19.848	8.96589	4.57001	2.16524
-19.756	9.04861	4.23104	2.51734	-19.9264	8.78179	-19.6186	9.07227	4.60937	2.09179
-19.5535	9.10165	4.17825	2.31544	-19.4861	8.96665	-19.3873	9.17499	4.64694	2.01891
-19.2943	9.23064	4.49849	2.26679	-18.5719	10.2069	-19.1542	9.27409	4.68278	1.94666
-19.0012	9.32806	4.63316	2.24553	-18.6786	9.19191	-18.9193	9.36959	4.71692	1.8751
-18.777	9.4187	4.71118	2.12858	-19.2825	8.98189	-18.6827	9.46154	4.7494	1.80429
-18.5219	9.51681	4.74839	2.11268	-18.4242	9.46852	-18.4446	9.54996	4.78028	1.73429
-18.2433	9.5653	5.08976	1.81682	-18.1634	8.72444	-18.2049	9.63492	4.80959	1.66514
-17.9331	9.70517	5.23285	1.96818	-17.7736	9.72478	-17.9639	9.71643	4.83737	1.59691
-17.6685	9.82063	5.11724	2.09136	-17.2296	9.97767	-17.7214	9.79457	4.86368	1.52964
-17.4019	9.9171	5.13605	2.0736	-17.3436	9.88109	-17.4777	9.86936	4.88856	1.46338
-17.1344	10.0173	5.26486	2.00308	-17.1554	10.212	-17.2328	9.94087	4.91205	1.39818
-16.8718	10.1253	5.26772	2.02374	-16.8876	10.145	-16.9868	10.0091	4.93421	1.33408
-16.5982	10.2132	5.36607	1.93876	-16.5958	10.1078	-16.7396	10.0743	4.95507	1.27113
-16.3743	10.2878	5.25643	1.86302	-16.5153	10.3091	-16.4915	10.1362	4.97469	1.20937
-16.0985	10.3765	5.39819	1.77906	-16.09	10.5824	-16.2424	10.1952	4.99311	1.14883
-15.9059	10.3473	5.1609	1.44063	-16.006	10.1843	-15.9924	10.2511	5.01039	1.08956
-15.6496	10.4177	5.16966	1.42619	-15.7234	10.41	-15.7416	10.3041	5.02655	1.03159
-15.4721	10.3659	4.92001	1.07366	-15.5699	10.1904	-15.4899	10.3543	5.04166	0.974957
-15.1532	10.4117	5.35024	0.89237	-14.2385	10.9109	-15.2376	10.4016	5.05576	0.919692
-14.8965	10.4553	5.32565	0.885645	-14.9365	10.4722	-14.9846	10.4462	5.06889	0.865828
-14.6546	10.4839	5.07626	0.970998	-14.724	9.63507	-14.7309	10.4882	5.0811	0.813394
-14.4415	10.4289	4.92465	0.687501	-14.4088	10.222	-14.4766	10.5276	5.09243	0.762418
-14.1726	10.4567	5.05644	0.616621	-13.9005	10.5238	-14.2218	10.5645	5.10293	0.712926
-13.8335	10.649	5.34557	1.06682	-13.8049	10.9383	-13.9665	10.5989	5.11263	0.664944
-13.5665	10.7163	5.27573	1.16637	-13.3956	10.7857	-13.7107	10.631	5.12159	0.618496
-13.3449	10.6969	5.13196	0.95203	-13.3556	10.5517	-13.4545	10.6608	5.12983	0.573603
-13.0678	10.7313	5.30024	0.818792	-12.9374	10.8137	-13.1979	10.6884	5.13741	0.530288
-12.8149	10.8267	5.30494	0.950171	-12.9591	11.0099	-12.9409	10.7138	5.14436	0.48857
-12.5329	10.8893	5.37831	0.974211	-12.2518	11.2495	-12.6836	10.7373	5.15071	0.448467
-12.3357	10.8238	5.13895	0.660784	-12.3713	10.6091	-12.426	10.7587	5.15651	0.409997
-12.0724	10.8612	5.14973	0.68107	-11.9352	10.9161	-12.1681	10.7783	5.16179	0.373177
-11.8318	10.9254	5.12837	0.748207	-11.9451	11.0515	-11.91	10.7961	5.16658	0.338022
-11.5384	10.9555	5.28561	0.675822	-10.9703	10.9676	-11.6516	10.8121	5.17092	0.304546
-11.3324	10.9521	5.12206	0.559958	-11.4548	10.9407	-11.393	10.8265	5.17484	0.272761
-11.0554	10.8988	5.49212	-0.0119122	-11.3472	10.5111	-11.1342	10.8394	5.17836	0.242681
-10.7552	10.8593	5.52959	-0.09515	-10.6009	10.6823	-10.8753	10.8509	5.18153	0.214317
-10.4934	10.8609	5.44406	-0.0289384	-10.6563	10.8369	-10.6161	10.8609	5.18435	0.187679
-10.2771	10.8394	5.29432	-0.100849	-10.4142	10.8747	-10.3569	10.8697	5.18687	0.162776
-10.0258	10.8913	5.07747	0.277939	-9.90413	11.2255	-10.0976	10.8772	5.1891	0.139618
-9.76623	10.9515	5.12085	0.39047	-9.83445	11.1032	-9.83809	10.8837	5.19106	0.118212
-9.54663	10.9193	5.07514	0.15457	-10.195	10.3498	-9.57852	10.8891	5.19278	0.0985664
-9.28387	10.954	5.11487	0.221402	-9.3066	11.0348	-9.31887	10.8936	5.19428	0.0806865
-9.04348	10.9258	5.07779	0.0872455	-9.2226	10.3527	-9.05915	10.8972	5.19557	0.0645787
-8.77237	10.9666	5.14469	0.178562	-8.78899	11.0707	-8.79937	10.9001	5.19667	0.050248
-8.54295	10.913	5.07646	-0.0383143	-8.83914	10.0319	-8.53953	10.9023	5.19759	0.0376992
-8.42635	10.8082	4.65758	-0.328572	-8.62045	10.6577	-8.27965	10.9039	5.19835	0.0269359
-8.17498	10.8165	4.70006	-0.233644	-7.91543	11.1157	-8.01974	10.905	5.19896	0.0179617
-7.77959	10.9021	5.1756	0.054094	-7.51971	11.0005	-7.75979	10.9057	5.19942	0.0107791
-7.50979	10.9019	5.17067	0.101295	-7.25987	10.6458	-7.49981	10.9061	5.19975	0.00539029
-7.22996	10.8958	5.21988	0.0844506	-7.15631	10.815	-7.23983	10.9063	5.19994	0.00179692
-7.00046	10.9186	5.07236	0.235616	-7.39396	11.0181	-6.97983	10.9064	5.2	-7.84874e-15
