8.46292	0.243462	-3.03909	-0.087429	8.46292	0.243462	8.6	0.25	-3.00029	0
8.4473	0.251473	-1.09147	0.0894663	8.44818	0.251553	8.45	0.25	-3.00027	0
8.47195	0.240799	0.000721701	-0.211037	8.56759	0.241943	8.45	0.25	0	0
8.46435	0.252213	-0.00998967	0.0240443	8.45582	0.253997	8.45	0.25	0	0
8.37594	0.252523	-1.18949	-0.00362342	8.42544	0.254042	8.35	0.25	-1.81979	0
8.28875	0.250914	-1.20751	-0.00876426	8.23962	0.24916	8.25	0.25	-1.81978	0
8.08161	0.227219	-2.73518	-0.15479	7.93286	0.188391	8.05	0.2	-3.99976	-0.99994
7.92012	0.185725	-2.7584	-0.300581	7.84073	0.159858	7.85	0.15	-3.99972	-0.99993
7.74945	0.16895	-3.02184	-0.309238	7.61269	0.155818	7.7	0.15	-2.99982	0
7.5861	0.156891	-3.03801	-0.296128	7.54016	0.159641	7.55	0.15	-2.99982	0
7.48417	0.127862	-2.38134	-0.333254	7.50815	0.0953827	7.45	0.100001	-1.8165	-0.908239
7.35138	0.0765878	-2.38341	-0.440284	7.3426	0.0345312	7.35	0.0500011	-1.81648	-0.90823
7.1967	0.042775	-2.62233	-0.471287	7.20598	0.00492725	7.2	9.49949e-07	-2.72851	-0.909507
7.05295	-0.0116416	-2.62199	-0.560496	7.05406	-0.0533413	7.05	-0.0499992	-2.72849	-0.909499
6.95598	-0.0708546	-2.07993	-0.655468	6.74585	-0.143185	6.95	-0.15	-1.81898	-1.81898
6.84292	-0.165219	-2.08012	-0.838279	6.84972	-0.258748	6.85	-0.25	-1.81896	-1.81897
6.73683	-0.239353	-2.07222	-0.94144	6.66966	-0.346668	6.75	-0.349999	-2.00076	-2.00075
6.63404	-0.349683	-2.07699	-1.14246	6.64329	-0.462604	6.65	-0.449999	-2.00076	-2.00075
6.59777	-0.45428	-1.42785	-1.33279	6.60862	-0.557035	6.6	-0.549999	-0.998836	-1.99769
6.53071	-0.565538	-1.42727	-1.47565	6.56029	-0.650892	6.55	-0.65	-0.99884	-1.99769
6.49741	-0.70715	-0.937636	-1.71669	6.40696	-0.842921	6.5	-0.85	-0.908747	-3.63498
6.44323	-0.889559	-0.962901	-2.00082	6.45805	-1.05268	6.45	-1.05	-0.908739	-3.63494
6.35248	-1.02113	-1.32207	-2.02659	6.38626	-1.15695	6.35	-1.15	-1.81897	-1.81898
6.27192	-1.17458	-1.35154	-2.1628	6.25499	-1.25007	6.25	-1.25	-1.81896	-1.81896
6.34733	-1.39707	0.0892001	-2.74258	6.43125	-1.48148	6.3	-1.45	0.909739	-3.63894
6.35006	-1.58512	0.069277	-2.86205	6.36328	-1.65656	6.35	-1.65	0.909727	-3.63891
6.29437	-1.71523	-0.496283	-2.69768	6.3228	-1.81431	6.3	-1.8	-0.999494	-2.9985
6.26049	-1.88473	-0.53224	-2.80869	6.24641	-1.95075	6.25	-1.95	-0.999489	-2.99847
6.30247	-2.0831	0.159018	-3.18009	6.31851	-2.10969	6.3	-2.1	0.999984	-2.99994
6.31742	-2.23892	0.174834	-3.16809	6.34644	-2.23829	6.35	-2.25	0.999979	-2.99994
6.30699	-2.3956	-0.0407081	-3.04388	6.32593	-2.40018	6.35	-2.4	0	-2.72613
6.31435	-2.55647	-0.0164246	-3.02071	6.34927	-2.55175	6.35	-2.55	0	-2.72611
6.35676	-2.74072	0.367554	-3.19957	6.43125	-2.71878	6.4	-2.7	0.909499	-2.72851
6.394	-2.88817	0.422249	-3.10816	6.43257	-2.84245	6.45	-2.85	0.909503	-2.72851
6.40717	-3.0233	0.296212	-2.98859	6.46536	-3.00452	6.45	-3	0	-2.99754
6.42781	-3.16399	0.314569	-2.96012	6.44119	-3.14955	6.45	-3.15	0	-2.99754
6.47784	-3.34197	0.606681	-3.11743	6.52249	-3.32007	6.5	-3.3	0.910402	-2.7312
6.5233	-3.49241	0.647048	-3.05187	6.5453	-3.45745	6.55	-3.45	0.910402	-2.7312
6.59971	-3.67045	0.996752	-3.21796	6.6358	-3.59197	6.65	-3.6	1.81722	-2.72583
6.68695	-3.80804	1.09518	-3.09097	6.76011	-3.75457	6.75	-3.75	1.81721	-2.72581
6.74318	-3.95414	0.978893	-2.94824	6.83625	-3.92723	6.8	-3.9	0.907988	-2.72396
6.81739	-4.09156	1.04086	-2.86867	6.85997	-4.05805	6.85	-4.05	0.907976	-2.72393
6.87079	-4.235	0.982118	-2.79182	6.86943	-4.18507	6.9	-4.2	0.909334	-2.72801
6.93354	-4.37242	1.01228	-2.74269	6.94332	-4.34473	6.95	-4.35	0.90933	-2.72799
6.96513	-4.49057	0.718945	-2.49033	7.05156	-4.49706	7	-4.45	0.910054	-1.8201
7.02137	-4.59855	0.775515	-2.40258	7.04099	-4.55018	7.05	-4.55	0.910054	-1.8201
7.08172	-4.73208	0.913273	-2.46439	7.10252	-4.67934	7.1	-4.7	0.908302	-2.72489
7.13651	-4.86404	0.925937	-2.4521	7.14735	-4.86125	7.15	-4.85	0.908297	-2.72489
7.23574	-5.03396	1.35514	-2.76586	7.3138	-5.05204	7.25	-5	1.81907	-2.72861
7.3121	-5.17625	1.36558	-2.73841	7.30424	-5.15404	7.35	-5.15	1.81907	-2.72861
7.37165	-5.30993	1.237	-2.62394	7.29446	-5.23429	7.4	-5.3	0.908194	-2.7246
7.44187	-5.45314	1.24268	-2.61953	7.44737	-5.45308	7.45	-5.45	0.90819	-2.72457
7.51785	-5.5931	1.25308	-2.59704	7.63082	-5.61863	7.55	-5.55	1.81974	-1.81974
7.60933	-5.70723	1.32354	-2.50969	7.64356	-5.66706	7.65	-5.65	1.81972	-1.81972
7.67249	-5.83192	1.24908	-2.43262	7.60376	-5.74774	7.7	-5.8	0.90983	-2.72951
7.74063	-5.96255	1.24977	-2.4248	7.7342	-5.95374	7.75	-5.95	0.909826	-2.72948
7.85316	-6.12547	1.74	-2.8244	7.82165	-6.06822	7.85	-6.1	1.9986	-2.9979
7.94723	-6.25758	1.76207	-2.79664	7.95703	-6.24328	7.95	-6.25	1.99858	-2.99787
8.02743	-6.38694	1.52506	-2.56885	8.17338	-6.44684	8.05	-6.35	1.81738	-1.81739
8.13279	-6.49902	1.59314	-2.48158	8.15891	-6.45335	8.15	-6.45	1.81737	-1.81737
8.20184	-6.61849	1.45773	-2.36378	8.08628	-6.51855	8.2	-6.6	0.909293	-2.72787
8.27444	-6.75159	1.43804	-2.37569	8.25411	-6.74791	8.25	-6.75	0.909293	-2.72787
8.35355	-6.88035	1.47377	-2.39959	8.25648	-6.78122	8.35	-6.85	1.81994	-1.81993
8.44393	-6.99358	1.50684	-2.34672	8.44494	-6.95805	8.45	-6.95	1.81993	-1.81993
8.50913	-7.10338	1.4566	-2.30681	8.39359	-7.01743	8.5	-7.1	1.00006	-3.00018
8.57006	-7.23052	1.42163	-2.34331	8.54925	-7.24433	8.55	-7.25	1.00006	-3.00018
8.67485	-7.38419	1.76695	-2.66596	8.64403	-7.39047	8.65	-7.4	1.99807	-2.99712
8.75295	-7.52832	1.73622	-2.69869	8.73559	-7.5421	8.75	-7.55	1.99808	-2.99712
8.807	-7.63766	1.30417	-2.30854	8.87176	-7.71912	8.8	-7.65	0.909955	-1.8199
8.87055	-7.7656	1.28414	-2.31542	8.84538	-7.75497	8.85	-7.75	0.909946	-1.81988
8.94394	-7.89552	1.40318	-2.44038	8.88333	-7.88636	8.9	-7.9	0.999086	-2.9973
8.99665	-8.03042	1.35405	-2.48179	8.95966	-8.0381	8.95	-8.05	0.999095	-2.9973
9.02865	-8.12825	1.00798	-2.16393	8.8564	-8.01424	9	-8.15	0.909309	-1.8186
9.07742	-8.2491	0.990862	-2.17194	9.05896	-8.24314	9.05	-8.25	0.909301	-1.81859
9.15195	-8.389	1.23192	-2.42202	9.17781	-8.47056	9.1	-8.4	1.0004	-3.00119
9.19183	-8.52904	1.16885	-2.48062	9.15332	-8.54857	9.15	-8.55	1.00038	-3.00117
9.22941	-8.641	0.910096	-2.23616	9.22922	-8.6898	9.2	-8.65	0.909508	-1.819
9.26894	-8.76967	0.881322	-2.25568	9.24541	-8.76863	9.25	-8.75	0.9095	-1.81899
9.39678	-8.97847	1.71601	-3.11388	9.37748	-9.00609	9.35	-8.95	1.99965	-3.99928
9.46997	-9.14429	1.67964	-3.14531	9.44703	-9.15328	9.45	-9.15	1.99964	-3.99928
9.50698	-9.24958	1.21853	-2.66919	9.50096	-9.25642	9.5	-9.25	0.999584	-1.99917
9.56418	-9.37722	1.21297	-2.65693	9.54157	-9.35195	9.55	-9.35	0.999584	-1.99917
9.59955	-9.48738	1.01516	-2.46519	9.47534	-9.42627	9.55	-9.5	0	-3.00023
9.61586	-9.63458	0.917698	-2.5415	9.54779	-9.64959	9.55	-9.65	0	-3.0002
9.67671	-9.78503	1.06327	-2.7163	9.69942	-9.88416	9.6	-9.8	0.999005	-2.997
9.70391	-9.93512	0.99166	-2.76402	9.64606	-9.9341	9.65	-9.95	0.998995	-2.997
9.72513	-10.0507	0.70662	-2.45829	9.60087	-9.96395	9.7	-10.05	0.909855	-1.81969
9.76204	-10.1756	0.707265	-2.43434	9.73801	-10.1396	9.75	-10.15	0.909847	-1.81969
9.80628	-10.3099	0.750663	-2.49065	9.92627	-10.4745	9.75	-10.3	0	-3.00065
9.81219	-10.4567	0.660058	-2.56018	9.75524	-10.4732	9.75	-10.45	0	-3.00063
9.8533	-10.6082	0.763197	-2.68975	9.71825	-10.5087	9.8	-10.6	0.90817	-2.72451
9.8818	-10.7611	0.726815	-2.7076	9.85048	-10.7526	9.85	-10.75	0.908161	-2.72448
9.89854	-10.885	0.504569	-2.46125	9.88465	-10.9383	9.85	-10.9	0	-2.73074
9.89469	-11.0382	0.415739	-2.51909	9.83614	-11.041	9.85	-11.05	0	-2.73073
9.91536	-11.1705	0.446996	-2.57469	9.83952	-11.1692	9.85	-11.2	0	-2.99965
9.90224	-11.3252	0.343828	-2.65363	9.84568	-11.3496	9.85	-11.35	0	-2.99961
9.91758	-11.465	0.343109	-2.68083	9.87961	-11.5637	9.85	-11.5	0	-2.99843
9.89846	-11.6208	0.240015	-2.74964	9.83206	-11.6307	9.85	-11.65	0	-2.99843
9.86281	-11.6989	-0.242563	-2.15529	9.85311	-11.8523	9.8	-11.75	-1.0003	-2.00061
9.81397	-11.8295	-0.347917	-2.22652	9.74928	-11.8442	9.75	-11.85	-1.00029	-2.00059
9.79989	-11.9558	-0.270112	-2.35726	9.69694	-11.9706	9.7	-12	-1.0004	-3.00119
9.73472	-12.1104	-0.421683	-2.46711	9.65354	-12.1497	9.65	-12.15	-1.00039	-3.00116
9.69403	-12.2104	-0.63851	-2.19101	9.72311	-12.3964	9.6	-12.25	-0.999885	-1.99981
9.62222	-12.3412	-0.752158	-2.25882	9.54859	-12.3478	9.55	-12.35	-0.999884	-1.99979
9.54773	-12.4062	-1.07573	-1.82639	9.39039	-12.3902	9.45	-12.45	-1.99803	-1.99805
9.44426	-12.5275	-1.21976	-1.91735	9.36086	-12.5501	9.35	-12.55	-1.99804	-1.99804
9.3779	-12.6417	-1.19688	-1.97335	9.34456	-12.7106	9.3	-12.65	-0.909773	-1.81953
9.27987	-12.7644	-1.28849	-2.01987	9.22134	-12.7613	9.25	-12.75	-0.909773	-1.81954
9.16729	-12.7909	-1.79124	-1.27391	9.15326	-13.0031	9.05	-12.85	-3.99257	-1.99629
8.98556	-12.9081	-2.06016	-1.43446	8.84161	-12.9519	8.85	-12.95	-3.99253	-1.99627
8.85654	-12.9701	-2.17134	-1.28627	8.71632	-12.9613	8.75	-13	-1.8213	-0.910651
8.71099	-13.0504	-2.24596	-1.31868	8.66358	-13.0431	8.65	-13.05	-1.8213	-0.910651
8.57908	-13.0838	-2.44395	-0.99702	8.54518	-13.1702	8.5	-13.1	-2.997	-0.999005
8.41932	-13.1508	-2.55226	-1.05028	8.35763	-13.1557	8.35	-13.15	-2.997	-0.998995
8.25306	-13.1522	-2.83356	-0.53745	8.22926	-13.1698	8.2	-13.15	-2.72741	0
8.07845	-13.1816	-2.8838	-0.544258	8.03583	-13.1513	8.05	-13.15	-2.72742	0
7.9084	-13.1861	-2.97739	-0.363226	7.82914	-13.0525	7.9	-13.15	-2.72986	0
7.75731	-13.1937	-2.93751	-0.331249	7.76538	-13.1647	7.75	-13.15	-2.72986	0
7.62768	-13.2523	-2.76002	-0.689412	7.66146	-13.3079	7.6	-13.2	-2.9979	-0.999304
7.4781	-13.2833	-2.78909	-0.686416	7.44786	-13.2517	7.45	-13.25	-2.9979	-0.999304
7.3052	-13.2713	-2.97037	-0.297255	7.21108	-13.0985	7.3	-13.25	-2.72846	0
7.15422	-13.2742	-2.93018	-0.263822	7.16011	-13.2382	7.15	-13.25	-2.72844	0
6.97925	-13.2064	-3.21296	0.38205	6.88472	-12.9588	7	-13.2	-2.99784	0.999284
6.83383	-13.1756	-3.16514	0.412153	6.84891	-13.1493	6.85	-13.15	-2.99784	0.999284
6.66206	-13.144	-3.19908	0.523802	6.77424	-13.2337	6.7	-13.1	-2.72787	0.909275
6.51856	-13.0973	-3.10132	0.573141	6.55759	-13.0679	6.55	-13.05	-2.72787	0.909284
6.36245	-13.1001	-2.95764	0.250486	6.40137	-13.0799	6.4	-13.05	-2.72678	0
6.22741	-13.0727	-2.87481	0.28852	6.26174	-13.0534	6.25	-13.05	-2.72678	0
6.06488	-13.0316	-2.9509	0.507948	6.10143	-13.0076	6.1	-13	-2.72966	0.909888
5.92367	-12.9878	-2.88544	0.548104	5.94198	-12.9494	5.95	-12.95	-2.72963	0.90988
5.75609	-12.8693	-3.18131	1.36525	5.79854	-12.8478	5.8	-12.85	-2.99777	1.99851
5.6239	-12.7823	-3.09722	1.41235	5.65107	-12.7365	5.65	-12.75	-2.99778	1.99852
5.47174	-12.7444	-2.91585	0.979306	5.50547	-12.5721	5.55	-12.7	-1.81798	0.908995
5.36527	-12.6708	-2.75588	1.03715	5.43839	-12.652	5.45	-12.65	-1.81799	0.908995
5.20583	-12.5588	-2.89782	1.50883	5.27506	-12.4782	5.3	-12.55	-2.72627	1.81753
5.08094	-12.4667	-2.79662	1.53807	5.1307	-12.4684	5.15	-12.45	-2.72625	1.8175
4.93756	-12.3863	-2.75316	1.49216	5.04446	-12.3808	5.05	-12.35	-1.8199	1.81989
4.84914	-12.2804	-2.5654	1.56001	4.92985	-12.2499	4.95	-12.25	-1.81991	1.8199
4.72016	-12.172	-2.60718	1.76344	4.75061	-11.9803	4.85	-12.15	-1.99928	1.99929
4.65785	-12.0665	-2.40683	1.81968	4.75915	-12.0666	4.75	-12.05	-1.99928	1.99928
4.53405	-11.9441	-2.42195	2.00299	4.69113	-11.9084	4.7	-11.9	-0.908236	2.72471
4.50542	-11.7958	-2.10851	2.11238	4.64378	-11.7442	4.65	-11.75	-0.908231	2.7247
4.41997	-11.7123	-1.92368	1.7571	4.59746	-11.6205	4.6	-11.65	-0.909847	1.81971
4.41289	-11.5874	-1.6315	1.84563	4.54975	-11.5706	4.55	-11.55	-0.909843	1.81969
4.30606	-11.3757	-1.97829	2.94821	4.47442	-11.3673	4.5	-11.35	-1.0008	4.0032
4.30457	-11.1943	-1.6871	3.04979	4.44059	-11.1496	4.45	-11.15	-1.0008	4.00321
4.26562	-11.1104	-1.30008	2.19978	4.43713	-11.024	4.45	-11.05	0	1.81614
4.3005	-10.9564	-0.983793	2.30374	4.45136	-10.93	4.45	-10.95	0	1.81612
4.26242	-10.8164	-0.956057	2.39838	4.44745	-10.786	4.45	-10.8	0	2.72555
4.3112	-10.6557	-0.656418	2.4943	4.45788	-10.6457	4.45	-10.65	0	2.72554
4.29343	-10.5211	-0.595724	2.47457	4.46329	-10.5756	4.45	-10.5	0	2.729
4.33548	-10.3598	-0.373581	2.55624	4.44057	-10.3382	4.45	-10.35	0	2.72898
4.34118	-10.2284	-0.259014	2.44821	4.51895	-10.2367	4.5	-10.2	0.908962	2.72687
4.418	-10.0635	0.0106375	2.54921	4.54925	-10.0439	4.55	-10.05	0.908954	2.72685
4.44166	-9.92564	0.0915791	2.52009	4.63224	-9.9707	4.6	-9.9	0.909756	2.72927
4.52354	-9.76149	0.318283	2.60828	4.63755	-9.74952	4.65	-9.75	0.909752	2.72926
4.54926	-9.59945	0.326959	2.69857	4.60757	-9.4335	4.7	-9.6	0.90859	2.72578
4.63396	-9.43624	0.519608	2.76155	4.74589	-9.4609	4.75	-9.45	0.908586	2.72576
4.70444	-9.31456	0.754163	2.46993	4.89179	-9.39473	4.85	-9.3	1.81967	2.72952
4.8251	-9.14979	0.986608	2.57269	4.94849	-9.13867	4.95	-9.15	1.81967	2.72951
4.90548	-9.04123	1.1921	2.32026	4.95209	-8.96272	5	-9.05	0.999884	1.99977
4.98948	-8.92333	1.25974	2.33834	5.04121	-8.94979	5.05	-8.95	0.999874	1.99974
5.07314	-8.79871	1.31042	2.31684	5.20806	-8.88942	5.15	-8.8	1.81805	2.72708
5.19223	-8.65006	1.44832	2.39061	5.26887	-8.63564	5.25	-8.65	1.81803	2.72705
5.29937	-8.55507	1.68209	2.12488	5.3785	-8.56768	5.35	-8.55	1.99956	1.99957
5.40748	-8.43698	1.75221	2.16599	5.44864	-8.42738	5.45	-8.45	1.99954	1.99954
5.50866	-8.32804	1.78055	2.11675	5.56465	-8.44845	5.5	-8.35	0.909045	1.81807
5.58048	-8.22696	1.70369	2.06558	5.53862	-8.24357	5.55	-8.25	0.909045	1.81808
5.67391	-8.10656	1.69874	2.09103	5.64921	-8.02513	5.7	-8.1	2.72608	2.72608
5.79889	-7.97296	1.7909	2.15363	5.85094	-7.95601	5.85	-7.95	2.72606	2.72606
5.91176	-7.86079	1.88961	2.06721	5.93492	-7.84119	5.95	-7.85	1.81801	1.81801
6.03128	-7.73895	1.93423	2.0963	6.05986	-7.73559	6.05	-7.75	1.81802	1.81801
6.14	-7.62655	1.95603	2.07055	6.13741	-7.63243	6.15	-7.65	1.81798	1.81798
6.24686	-7.52005	1.95082	2.0524	6.25659	-7.54336	6.25	-7.55	1.81798	1.81798
6.36301	-7.41642	2.0193	1.98086	6.39143	-7.46358	6.35	-7.45	1.82027	1.82027
6.46055	-7.32617	1.97656	1.92698	6.452	-7.36418	6.45	-7.35	1.82025	1.82025
6.58989	-7.24566	2.25994	1.68366	6.47916	-7.09783	6.6	-7.25	2.99862	1.99908
6.72007	-7.15113	2.30783	1.72076	6.7556	-7.14598	6.75	-7.15	2.99862	1.99908
6.79758	-7.0257	1.93154	2.0253	6.68682	-6.93297	6.8	-7.05	0.908005	1.816
6.8884	-6.92857	1.88614	1.97901	6.86356	-6.94732	6.85	-6.95	0.908	1.81601
7.0338	-6.85008	2.23066	1.69117	7.08741	-6.92602	7	-6.85	2.72856	1.81904
7.15725	-6.75532	2.2335	1.69624	7.15695	-6.75136	7.15	-6.75	2.72854	1.81902
7.25146	-6.64627	1.97461	1.89059	7.29976	-6.68807	7.25	-6.65	1.8202	1.8202
7.35645	-6.54862	1.96331	1.8724	7.35505	-6.56058	7.35	-6.55	1.82018	1.82018
7.52658	-6.4988	2.58359	1.419	7.53544	-6.5372	7.5	-6.5	2.99964	0.999884
7.65194	-6.43892	2.56915	1.38805	7.65664	-6.46417	7.65	-6.45	2.99964	0.999884
7.77163	-6.35836	2.42767	1.45609	7.67559	-6.34628	7.75	-6.4	1.81709	0.908549
7.88207	-6.30995	2.35865	1.35812	7.85193	-6.35845	7.85	-6.35	1.81709	0.908545
8.00797	-6.23729	2.3237	1.36935	8.03231	-6.28406	8	-6.25	2.72931	1.81954
8.13799	-6.1565	2.33155	1.38538	8.13749	-6.14586	8.15	-6.15	2.72928	1.81952
8.2239	-6.06711	2.05716	1.57009	8.21488	-6.01843	8.25	-6.05	1.99977	1.99976
8.33368	-5.97393	2.07972	1.61333	8.33626	-5.94674	8.35	-5.95	1.99977	1.99976
8.50053	-5.90626	2.53904	1.3564	8.50318	-5.89335	8.5	-5.9	2.72796	0.909326
8.64134	-5.84022	2.53815	1.33426	8.65894	-5.86309	8.65	-5.85	2.72796	0.909321
8.73536	-5.74533	2.11674	1.57221	8.77185	-5.74314	8.75	-5.75	1.81776	1.81775
8.85421	-5.65296	2.12455	1.5896	8.85444	-5.64273	8.85	-5.65	1.81774	1.81773
8.94939	-5.5684	1.99764	1.65866	9.02394	-5.6024	8.95	-5.55	1.99657	1.99656
9.05302	-5.47435	2.01015	1.69067	9.05088	-5.45385	9.05	-5.45	1.99654	1.99655
9.21089	-5.39618	2.49175	1.46124	9.04088	-5.29691	9.2	-5.4	2.72728	0.909094
9.34554	-5.3201	2.48481	1.44804	9.34223	-5.32623	9.35	-5.35	2.72727	0.90909
9.42748	-5.22312	2.00756	1.65928	9.39579	-5.21659	9.45	-5.25	1.81816	1.81815
9.54136	-5.13036	2.01567	1.66533	9.55303	-5.13194	9.55	-5.15	1.81813	1.81813
9.63766	-5.04095	1.85395	1.71667	9.75019	-5.14652	9.65	-5.05	1.82036	1.82036
9.74531	-4.93907	1.8692	1.74094	9.7586	-4.93134	9.75	-4.95	1.82036	1.82037
9.83715	-4.83956	1.73859	1.79653	9.9198	-4.86941	9.85	-4.85	1.81578	1.81577
9.93784	-4.73951	1.74952	1.80219	9.95641	-4.74358	9.95	-4.75	1.81575	1.81575
10.0168	-4.62719	1.58979	1.88848	10.0029	-4.54771	10.05	-4.6	1.82039	2.7306
10.1192	-4.49215	1.6318	1.98456	10.1428	-4.45119	10.15	-4.45	1.8204	2.7306
10.2063	-4.37056	1.59758	2.03273	10.1981	-4.26556	10.25	-4.3	1.81769	2.72652
10.3175	-4.21548	1.65935	2.16716	10.3644	-4.16342	10.35	-4.15	1.81768	2.7265
10.4503	-4.10103	1.97322	2.08708	10.5985	-4.12247	10.45	-4.05	1.81792	1.81792
10.5586	-3.97152	1.97671	2.12925	10.5415	-3.9454	10.55	-3.95	1.8179	1.8179
10.6573	-3.85147	1.86572	2.16483	10.7092	-3.85166	10.65	-3.85	1.81903	1.81904
10.7588	-3.73935	1.86199	2.14444	10.7616	-3.75002	10.75	-3.75	1.81902	1.81903
10.8009	-3.61251	1.31698	2.27921	10.795	-3.60617	10.8	-3.6	0.909773	2.72931
10.871	-3.47834	1.31441	2.30418	10.8527	-3.46164	10.85	-3.45	0.909764	2.72928
10.9804	-3.36267	1.71491	2.23296	10.9584	-3.30584	10.95	-3.3	1.99953	2.99928
11.0681	-3.21484	1.72714	2.3393	11.0447	-3.1561	11.05	-3.15	1.9995	2.99925
11.1074	-3.07315	1.20249	2.46315	11.1178	-2.98807	11.1	-3	0.907725	2.72317
11.1721	-2.91017	1.20442	2.54275	11.1427	-2.86566	11.15	-2.85	0.907708	2.72314
11.2204	-2.76202	1.06023	2.58645	11.1491	-2.68183	11.2	-2.7	0.908929	2.72678
11.2774	-2.59366	1.06152	2.66299	11.2525	-2.55311	11.25	-2.55	0.908929	2.72678
11.2098	-2.43883	-0.0633198	2.82196	11.1188	-2.36202	11.2	-2.4	-0.909276	2.72782
11.1989	-2.27435	-0.0768666	2.84732	11.1594	-2.25598	11.15	-2.25	-0.909276	2.72782
11.3131	-2.11605	1.05119	2.73337	11.2029	-2.09837	11.25	-2.1	1.81915	2.72871
11.3678	-1.96322	1.04543	2.74017	11.3525	-1.95787	11.35	-1.95	1.81913	2.72869
11.3673	-1.81377	0.536736	2.77713	11.3011	-1.79507	11.35	-1.8	0	2.73035
11.3848	-1.66731	0.512965	2.75591	11.3326	-1.67041	11.35	-1.65	0	2.73033
11.3189	-1.52671	-0.239083	2.80876	11.0622	-1.44342	11.3	-1.5	-0.999165	2.99748
11.2994	-1.37594	-0.25269	2.83752	11.2595	-1.35818	11.25	-1.35	-0.999155	2.99745
11.2482	-1.22497	-0.570139	2.83646	11.1658	-1.23674	11.2	-1.25	-0.909822	1.81964
11.2036	-1.10772	-0.596214	2.71787	11.1524	-1.15803	11.15	-1.15	-0.909822	1.81964
11.0785	-0.975375	-1.40602	2.73279	10.8534	-0.929069	11.05	-0.95	-1.99817	3.99632
11.0013	-0.794501	-1.41885	2.86419	10.9584	-0.728742	10.95	-0.75	-1.99816	3.99632
10.9523	-0.635215	-1.10941	2.8636	10.8608	-0.663121	10.9	-0.649999	-0.908549	1.8171
10.8859	-0.509258	-1.11834	2.76743	10.8648	-0.553034	10.85	-0.549999	-0.908532	1.81708
10.7816	-0.372566	-1.54402	2.71999	10.8451	-0.437482	10.75	-0.45	-1.8174	1.81738
10.6889	-0.275331	-1.55548	2.56071	10.6542	-0.347474	10.65	-0.35	-1.8174	1.81738
10.5124	-0.160368	-2.40474	2.47051	10.5062	-0.245062	10.5	-0.25	-2.72796	1.81864
10.3741	-0.0776238	-2.41188	2.30928	10.3438	-0.150982	10.35	-0.15	-2.72796	1.81864
10.287	0.0382384	-2.06329	2.28383	10.4884	-0.0812124	10.25	-0.0999996	-1.81964	0.909826
10.1716	0.0750466	-2.05824	2.01479	10.1537	-0.0482457	10.15	-0.0499992	-1.81963	0.909818
10.0178	0.157876	-2.40719	1.91788	9.92588	0.00395802	10	9.49949e-07	-2.73049	0.910169
9.88287	0.168337	-2.40241	1.62934	9.85676	0.0351738	9.85	0.0500011	-2.73047	0.910161
9.72582	0.229192	-2.60619	1.53313	9.63973	0.0585714	9.7	0.0500011	-2.72439	0
9.5794	0.199353	-2.60026	1.18486	9.54669	0.0374948	9.55	0.0500011	-2.72438	0
9.41987	0.242434	-2.72192	1.11253	9.32242	0.112393	9.4	0.100001	-2.72773	0.90923
9.26747	0.242037	-2.72183	0.924131	9.24446	0.153574	9.25	0.15	-2.7277	0.909222
9.11507	0.279373	-2.72866	0.88189	9.0614	0.20077	9.1	0.2	-2.72652	0.908843
8.96267	0.300427	-2.73084	0.797527	8.94752	0.260272	8.95	0.25	-2.72653	0.908843
8.86798	0.333632	-2.22597	0.782042	8.90199	0.247143	8.85	0.25	-1.81847	0
8.7496	0.330665	-2.21434	0.640623	8.76016	0.263752	8.75	0.25	-1.81846	0
8.53531	0.342268	-3.05788	0.536528	8.46355	0.258809	8.55	0.25	-3.6326	0
8.36608	0.323937	-3.05551	0.388596	8.35367	0.252596	8.35	0.25	-3.6326	0
8.21403	0.329288	-2.84703	0.345698	8.05161	0.241868	8.2	0.25	-2.72841	0
8.05811	0.308374	-2.84282	0.221783	8.05411	0.247878	8.05	0.25	-2.72842	0
7.91301	0.30071	-2.69297	0.164061	7.78653	0.205765	7.9	0.2	-2.72708	-0.909025
7.76287	0.244815	-2.6925	-0.0385785	7.74339	0.144028	7.75	0.15	-2.72705	-0.909016
7.62112	0.21422	-2.70054	-0.129448	7.77346	0.0969346	7.6	0.100001	-2.73169	-0.910554
7.47083	0.144428	-2.70168	-0.326311	7.45362	0.0452052	7.45	0.0500011	-2.73169	-0.910554
7.30532	0.112327	-2.93096	-0.378545	7.15329	0.0425189	7.3	0.0500011	-2.99789	0
7.16031	0.0694349	-2.92774	-0.454306	7.16618	0.0287673	7.15	0.0500011	-2.9979	0
7.07529	0.0214663	-2.24567	-0.527867	7.17215	-0.0469302	7.05	-0.0499995	-1.81811	-1.81813
6.95247	-0.059564	-2.24525	-0.693441	6.95426	-0.147757	6.95	-0.15	-1.8181	-1.81811
6.85458	-0.13417	-1.99345	-0.815251	6.83008	-0.250179	6.85	-0.25	-1.81646	-1.81646
6.74778	-0.240476	-1.99148	-1.01191	6.76395	-0.345347	6.75	-0.35	-1.81645	-1.81645
6.66752	-0.336335	-1.74392	-1.15203	6.74798	-0.457727	6.65	-0.45	-1.81901	-1.819
6.5656	-0.46075	-1.7631	-1.34877	6.54569	-0.565853	6.55	-0.549999	-1.81899	-1.81898
6.53815	-0.602235	-1.10602	-1.61478	6.565	-0.754748	6.5	-0.749999	-0.909789	-3.63914
6.46831	-0.781767	-1.1416	-1.90815	6.4494	-0.940848	6.45	-0.949999	-0.909781	-3.63911
6.42439	-0.936018	-0.999692	-2.11838	6.44213	-1.11266	6.4	-1.1	-1.0002	-3.00061
6.36366	-1.1182	-1.04383	-2.36517	6.34405	-1.26138	6.35	-1.25	-1.0002	-3.00061
6.32166	-1.26653	-0.954941	-2.47854	6.39474	-1.36501	6.3	-1.35	-1.00035	-2.00072
6.26901	-1.40404	-0.970025	-2.52298	6.25356	-1.42931	6.25	-1.45	-1.00036	-2.00072
6.27783	-1.58027	-0.37294	-2.80949	6.24787	-1.61119	6.25	-1.6	0	-2.99288
6.25353	-1.73256	-0.389525	-2.84712	6.23547	-1.75335	6.25	-1.75	0	-2.99285
6.29292	-1.92243	0.171719	-3.08834	6.41111	-1.93027	6.3	-1.9	0.909739	-2.72921
6.31316	-2.07698	0.202209	-3.03805	6.34873	-2.05372	6.35	-2.05	0.909735	-2.72921
6.3214	-2.22682	0.0723354	-2.93415	6.53066	-2.26346	6.35	-2.2	0	-2.72782
6.33715	-2.36899	0.10828	-2.87159	6.36917	-2.33894	6.35	-2.35	0	-2.72779
6.34198	-2.53198	0.133614	-2.90059	6.27034	-2.51837	6.35	-2.55	0	-3.63689
6.34502	-2.7061	0.115691	-2.9465	6.34287	-2.73391	6.35	-2.75	0	-3.63689
6.39531	-2.90129	0.527385	-3.19228	6.45883	-2.92313	6.4	-2.9	0.908854	-2.72658
6.42849	-3.07106	0.540099	-3.17331	6.43866	-3.06257	6.45	-3.05	0.908859	-2.72658
6.46996	-3.24095	0.623571	-3.18354	6.49154	-3.20004	6.5	-3.2	0.908863	-2.72658
6.51739	-3.3891	0.670047	-3.0992	6.53579	-3.34211	6.55	-3.35	0.908855	-2.72655
6.56893	-3.54773	0.719673	-3.06333	6.70146	-3.53446	6.6	-3.5	0.908714	-2.72613
6.62401	-3.68772	0.772903	-2.97439	6.64657	-3.63945	6.65	-3.65	0.908702	-2.72611
6.67909	-3.84926	0.861875	-2.99871	6.70956	-3.81739	6.7	-3.8	0.909565	-2.72871
6.73639	-3.99553	0.896301	-2.94147	6.74885	-3.96368	6.75	-3.95	0.909561	-2.72869
6.78113	-4.14237	0.846303	-2.8691	6.73758	-4.06653	6.8	-4.1	0.908566	-2.72568
6.83939	-4.28245	0.884341	-2.81379	6.85796	-4.25464	6.85	-4.25	0.908561	-2.72569
6.93832	-4.46271	1.28098	-3.05969	7.10395	-4.49091	6.95	-4.4	1.81821	-2.72732
7.02549	-4.60317	1.33716	-2.97471	7.04679	-4.55716	7.05	-4.55	1.81822	-2.72732
7.08427	-4.74239	1.1951	-2.82914	7.02393	-4.64459	7.1	-4.7	0.91085	-2.73253
7.15039	-4.88542	1.20424	-2.79513	7.13435	-4.85502	7.15	-4.85	0.910837	-2.73251
7.1984	-5.00245	1.0435	-2.6335	7.24619	-4.97656	7.2	-4.95	1.00033	-2.00068
7.26017	-5.10618	1.08417	-2.55331	7.25317	-5.04605	7.25	-5.05	1.00033	-2.00066
7.35853	-5.26281	1.55158	-2.88993	7.22054	-5.09604	7.35	-5.2	1.9976	-2.9964
7.44223	-5.38926	1.57753	-2.83803	7.43604	-5.34825	7.45	-5.35	1.9976	-2.9964
7.48112	-5.49345	1.1091	-2.42917	7.40989	-5.38617	7.5	-5.45	0.908252	-1.8165
7.55238	-5.60667	1.14555	-2.36918	7.55662	-5.56714	7.55	-5.55	0.908244	-1.81648
7.63553	-5.75008	1.42739	-2.57908	7.39379	-5.52612	7.65	-5.7	1.81785	-2.72677
7.73279	-5.87051	1.48425	-2.51283	7.76459	-5.8425	7.75	-5.85	1.81785	-2.72677
7.77555	-5.97056	1.07344	-2.16432	7.84699	-6.00602	7.8	-5.95	0.909078	-1.81815
7.84625	-6.07245	1.11103	-2.1132	7.85921	-6.04502	7.85	-6.05	0.909073	-1.81815
7.94414	-6.2164	1.47609	-2.40107	7.89511	-6.1416	7.95	-6.2	1.8197	-2.72955
8.0322	-6.34864	1.49226	-2.3984	8.05619	-6.36041	8.05	-6.35	1.81969	-2.72953
8.13752	-6.49728	1.6759	-2.54228	8.2234	-6.53735	8.15	-6.5	1.8187	-2.72807
8.2351	-6.63784	1.68824	-2.54156	8.25446	-6.64851	8.25	-6.65	1.81869	-2.72804
8.28421	-6.7373	1.25134	-2.16532	8.32206	-6.77114	8.3	-6.75	0.908979	-1.81795
8.34512	-6.85536	1.23324	-2.16662	8.31728	-6.8399	8.35	-6.85	0.908979	-1.81795
8.41168	-6.9803	1.28718	-2.23301	8.2713	-6.91098	8.4	-7	0.909094	-2.72732
8.46497	-7.12435	1.23342	-2.29658	8.44183	-7.15372	8.45	-7.15	0.909102	-2.72732
8.56251	-7.27992	1.53063	-2.56573	8.54154	-7.25975	8.55	-7.3	1.81751	-2.72628
8.64422	-7.43526	1.51646	-2.60319	8.65899	-7.4699	8.65	-7.45	1.81752	-2.72628
8.69551	-7.54673	1.14853	-2.26673	8.83598	-7.68162	8.7	-7.55	0.908615	-1.81723
8.76508	-7.66059	1.17001	-2.2359	8.76769	-7.64094	8.75	-7.65	0.908607	-1.81721
8.86024	-7.81264	1.49899	-2.53644	8.77916	-7.72457	8.85	-7.8	1.8215	-2.73224
8.94668	-7.95001	1.50999	-2.52957	8.95669	-7.95155	8.95	-7.95	1.82148	-2.73221
9.02723	-8.08759	1.53386	-2.57147	9.1081	-8.22433	9	-8.1	0.999025	-2.99707
9.08689	-8.23023	1.48501	-2.61551	9.05476	-8.24211	9.05	-8.25	0.999015	-2.99704
9.12034	-8.32924	1.00916	-2.17131	9.13825	-8.4037	9.1	-8.35	0.908285	-1.81657
9.16541	-8.45357	0.981197	-2.18869	9.14025	-8.44981	9.15	-8.45	0.908268	-1.81655
9.23507	-8.59183	1.14302	-2.35167	9.22081	-8.59155	9.2	-8.6	0.91012	-2.73036
9.27875	-8.73947	1.08639	-2.40722	9.25031	-8.76071	9.25	-8.75	0.910112	-2.73033
9.34088	-8.88073	1.13206	-2.47165	9.30208	-8.90831	9.3	-8.9	0.909524	-2.72856
9.38169	-9.03329	1.07065	-2.52367	9.34431	-9.04587	9.35	-9.05	0.909524	-2.72856
9.44401	-9.17473	1.1785	-2.65052	9.39993	-9.18842	9.4	-9.2	0.999066	-2.99725
9.47787	-9.33401	1.10213	-2.72868	9.4452	-9.37195	9.45	-9.35	0.999075	-2.99724
9.53076	-9.47783	1.04529	-2.67565	9.48751	-9.46421	9.5	-9.5	0.909706	-2.7291
9.57398	-9.63664	1.0038	-2.71149	9.55098	-9.64789	9.55	-9.65	0.909706	-2.7291
9.62405	-9.77519	1.02617	-2.74416	9.57122	-9.75525	9.6	-9.8	1.00048	-3.00143
9.65633	-9.92734	0.97104	-2.79024	9.62408	-9.94149	9.65	-9.95	1.00046	-3.00141
9.68628	-10.0444	0.812942	-2.61307	9.61433	-9.96417	9.7	-10.05	0.998785	-1.99755
9.73569	-10.1657	0.839884	-2.58573	9.7457	-10.1502	9.75	-10.15	0.998775	-1.99754
9.75625	-10.2788	0.577104	-2.29801	9.77731	-10.3295	9.75	-10.3	0	-2.72851
9.77524	-10.4212	0.536734	-2.34297	9.76557	-10.4501	9.75	-10.45	0	-2.72849
9.82796	-10.5826	0.742671	-2.59139	9.89592	-10.7137	9.8	-10.6	0.909012	-2.72704
9.85932	-10.7359	0.713181	-2.62194	9.85066	-10.7537	9.85	-10.75	0.909012	-2.72703
9.87659	-10.8517	0.549151	-2.45368	9.84397	-10.9287	9.85	-10.9	0	-3.00318
9.87952	-11.0022	0.472432	-2.53222	9.85693	-11.0512	9.85	-11.05	0	-3.00316
9.89915	-11.1309	0.49492	-2.57797	9.74773	-11.0482	9.85	-11.2	0	-3.00013
9.88692	-11.2968	0.381648	-2.68366	9.84407	-11.3565	9.85	-11.35	0	-3.00012
9.90467	-11.4405	0.415117	-2.75637	9.79495	-11.4686	9.85	-11.5	0	-2.99592
9.8901	-11.608	0.30982	-2.84282	9.83943	-11.6467	9.85	-11.65	0	-2.99592
9.85288	-11.6927	-0.215014	-2.1842	9.76634	-11.6976	9.8	-11.75	-0.908731	-1.81746
9.80581	-11.8356	-0.316747	-2.25378	9.74774	-11.8511	9.75	-11.85	-0.908731	-1.81746
9.78645	-11.9669	-0.333483	-2.26287	9.7856	-12.1262	9.7	-12	-0.909591	-2.72875
9.71986	-12.1225	-0.473472	-2.35758	9.64482	-12.1455	9.65	-12.15	-0.909582	-2.72873
9.68713	-12.2554	-0.49127	-2.37004	9.57233	-12.2948	9.6	-12.3	-0.908879	-2.72667
9.6136	-12.42	-0.628965	-2.47019	9.55167	-12.4583	9.55	-12.45	-0.908879	-2.72665
9.53605	-12.499	-1.00113	-1.96837	9.37132	-12.4833	9.45	-12.55	-1.82006	-1.82006
9.43302	-12.6347	-1.13993	-2.05273	9.359	-12.6499	9.35	-12.65	-1.82005	-1.82005
9.33182	-12.6768	-1.52649	-1.51078	9.16109	-12.6848	9.2	-12.75	-3.00047	-2.00033
9.16746	-12.8019	-1.78154	-1.66267	9.028	-12.8337	9.05	-12.85	-3.00048	-2.00033
9.04412	-12.8607	-1.97237	-1.39134	8.85918	-12.7953	8.95	-12.9	-1.81543	-0.907707
8.89874	-12.957	-2.07909	-1.45128	8.84257	-12.9684	8.85	-12.95	-1.81542	-0.907708
8.77713	-13.0335	-2.10895	-1.42955	8.66865	-13.0114	8.7	-13.05	-2.73134	-1.82089
8.61818	-13.1337	-2.23431	-1.49567	8.55319	-13.1445	8.55	-13.15	-2.73135	-1.82089
8.45277	-13.1051	-2.74327	-0.611724	8.27267	-12.996	8.4	-13.15	-2.99683	0
8.29397	-13.1455	-2.80549	-0.642125	8.25965	-13.1488	8.25	-13.15	-2.9968	0
8.14475	-13.1985	-2.7004	-0.848241	8.04571	-13.0646	8.1	-13.2	-2.72707	-0.909028
7.98162	-13.2509	-2.74247	-0.866706	7.95841	-13.2508	7.95	-13.25	-2.72705	-0.90902
7.81753	-13.2669	-2.91793	-0.529226	7.86599	-13.4154	7.8	-13.25	-2.7295	0
7.65044	-13.2884	-2.93231	-0.515045	7.62489	-13.249	7.65	-13.25	-2.7295	0
7.49649	-13.2928	-3.02167	-0.32373	7.50783	-13.2944	7.5	-13.25	-2.99994	0
7.35082	-13.2952	-2.99969	-0.292407	7.3419	-13.2474	7.35	-13.25	-2.99994	0
7.1682	-13.2524	-3.22239	0.220761	7.19781	-13.1973	7.2	-13.2	-2.72698	0.908995
7.02184	-13.2156	-3.12593	0.284701	7.04935	-13.1606	7.05	-13.15	-2.72695	0.908987
6.84554	-13.1866	-3.15266	0.353871	6.79473	-13.0433	6.85	-13.15	-3.63709	0
6.66477	-13.1679	-3.17332	0.34989	6.65123	-13.1604	6.65	-13.15	-3.63709	0
6.49744	-13.1203	-3.29751	0.651446	6.54114	-13.2079	6.5	-13.1	-3.0006	1.00018
6.34524	-13.0752	-3.25638	0.682049	6.35317	-13.0396	6.35	-13.05	-3.0006	1.00019
6.19202	-13.107	-2.99163	0.0497802	6.27012	-13.1139	6.25	-13.05	-1.81729	0
6.07884	-13.0802	-2.83767	0.117188	6.14459	-13.0471	6.15	-13.05	-1.81729	0
5.90556	-12.9897	-3.09955	0.865719	5.99498	-12.9442	6	-12.95	-2.72861	1.81906
5.79606	-12.9077	-2.91419	0.957133	5.86379	-12.8408	5.85	-12.85	-2.72861	1.81907
5.6539	-12.8525	-2.92324	1.02691	5.73761	-12.8672	5.7	-12.8	-2.99988	0.999964
5.52938	-12.7862	-2.85575	1.06461	5.55118	-12.7486	5.55	-12.75	-2.99985	0.999954
5.39593	-12.7502	-2.78316	0.899846	5.45236	-12.7392	5.45	-12.7	-2.00001	1
5.3002	-12.6838	-2.65144	0.957575	5.35556	-12.6423	5.35	-12.65	-1.99998	0.999994
5.16471	-12.5951	-2.74945	1.31535	5.26451	-12.5511	5.25	-12.55	-1.99732	1.99733
5.07728	-12.5012	-2.59528	1.38823	5.13769	-12.4355	5.15	-12.45	-1.9973	1.9973
4.94405	-12.4191	-2.60031	1.49192	5.1317	-12.5744	5.05	-12.35	-1.8206	1.82059
4.86559	-12.3061	-2.40519	1.57561	4.94432	-12.2438	4.95	-12.25	-1.82058	1.82058
4.73743	-12.1573	-2.58889	2.2215	4.89215	-12.1623	4.85	-12.1	-1.9998	2.99969
4.67043	-12.0171	-2.3994	2.30013	4.75047	-11.9578	4.75	-11.95	-1.9998	2.9997
4.5703	-11.9322	-2.2468	1.95626	4.6421	-11.7788	4.7	-11.85	-1.00002	2.00003
4.53426	-11.8038	-2.01715	2.04254	4.63967	-11.7513	4.65	-11.75	-1.00001	2.00002
4.4345	-11.6615	-2.09894	2.39882	4.58347	-11.632	4.6	-11.6	-0.998955	2.99688
4.4262	-11.5068	-1.80923	2.50061	4.56619	-11.4576	4.55	-11.45	-0.99896	2.99689
4.34449	-11.3595	-1.81117	2.64593	4.46846	-11.2092	4.5	-11.3	-1.00106	3.00319
4.33856	-11.195	-1.55722	2.74028	4.46017	-11.1425	4.45	-11.15	-1.00106	3.00319
4.29347	-11.1102	-1.26252	2.08641	4.43672	-11.0976	4.45	-11.05	0	1.8168
4.31052	-10.9695	-1.00576	2.16925	4.43803	-10.9525	4.45	-10.95	0	1.81679
4.26756	-10.8315	-1.03325	2.3877	4.40556	-10.7068	4.45	-10.8	0	3.00139
4.31065	-10.683	-0.751944	2.48256	4.45507	-10.6618	4.45	-10.65	0	3.00138
4.31109	-10.6037	-0.503017	2.01999	4.44716	-10.5583	4.45	-10.55	0	2.00041
4.3527	-10.4771	-0.302989	2.09891	4.45187	-10.4417	4.45	-10.45	0	2.00038
4.34712	-10.3535	-0.296257	2.20935	4.45602	-10.2142	4.5	-10.3	0.999584	2.99875
4.42255	-10.203	-0.0240562	2.32962	4.55349	-10.1343	4.55	-10.15	0.999574	2.99871
4.42666	-10.0508	-0.0634619	2.52771	4.56608	-10.005	4.55	-10	0	2.72717
4.48033	-9.88505	0.108675	2.60893	4.55922	-9.84124	4.55	-9.85	0	2.72714
4.51886	-9.76104	0.301875	2.35363	4.62339	-9.6559	4.65	-9.7	1.8193	2.72895
4.6225	-9.59154	0.562811	2.47904	4.7439	-9.53522	4.75	-9.55	1.81929	2.72894
4.6538	-9.43646	0.512012	2.69174	4.74852	-9.27389	4.8	-9.4	1.00006	3.00019
4.74442	-9.27334	0.705377	2.78555	4.8446	-9.24095	4.85	-9.25	1.00005	3.00015
4.84466	-9.19292	1.14459	2.17502	4.98605	-9.20516	4.95	-9.15	2.00004	2.00005
4.949	-9.06101	1.28502	2.25043	5.02283	-9.03066	5.05	-9.05	2.00004	2.00004
4.99863	-8.91606	1.1033	2.57831	5.12819	-8.95913	5.1	-8.9	0.999704	2.99911
5.08883	-8.76606	1.20869	2.64431	5.14109	-8.73073	5.15	-8.75	0.999689	2.99907
5.20829	-8.67245	1.5854	2.15309	5.33883	-8.81618	5.25	-8.65	1.81848	1.81849
5.31736	-8.55015	1.6468	2.17428	5.36408	-8.56805	5.35	-8.55	1.81846	1.81846
5.38138	-8.41069	1.47692	2.43358	5.38848	-8.31037	5.45	-8.4	2.00068	3.00103
5.48641	-8.27148	1.56878	2.49254	5.53874	-8.25196	5.55	-8.25	2.00066	3.00099
5.60404	-8.17308	1.88179	2.15121	5.56632	-8.04704	5.65	-8.15	1.99952	1.99953
5.71468	-8.05716	1.92956	2.18092	5.7459	-8.05196	5.75	-8.05	1.9995	1.9995
5.79514	-7.93426	1.80203	2.32151	5.78426	-7.91676	5.8	-7.95	0.999944	1.99989
5.86756	-7.83761	1.74648	2.26484	5.84978	-7.88144	5.85	-7.85	0.999939	1.99988
5.96575	-7.73441	1.85287	2.14532	5.92249	-7.69769	5.95	-7.75	1.99772	1.99772
6.05085	-7.63412	1.82963	2.12355	6.04031	-7.64732	6.05	-7.65	1.99771	1.9977
6.16246	-7.52855	1.92552	2.01962	6.16773	-7.55437	6.15	-7.55	1.8199	1.8199
6.25529	-7.43041	1.88612	1.98028	6.23866	-7.45306	6.25	-7.45	1.8199	1.81991
6.38624	-7.35294	2.22743	1.66679	6.25322	-7.17734	6.4	-7.35	2.99605	1.99736
6.51658	-7.25762	2.28102	1.70831	6.55461	-7.24907	6.55	-7.25	2.99605	1.99736
6.65901	-7.17999	2.42908	1.56395	6.67172	-7.23041	6.65	-7.2	1.8206	0.910303
6.77193	-7.11696	2.36691	1.49377	6.74664	-7.15616	6.75	-7.15	1.8206	0.910298
6.85266	-7.02009	2.07072	1.73153	6.79888	-6.99594	6.85	-7.05	1.99848	1.99848
6.95237	-6.94159	2.05715	1.70868	6.95342	-6.96092	6.95	-6.95	1.99846	1.99846
7.09659	-6.86822	2.29693	1.51684	7.17955	-6.9446	7.1	-6.85	2.72688	1.81792
7.23712	-6.76427	2.34127	1.57804	7.24929	-6.7261	7.25	-6.75	2.72688	1.81792
7.33586	-6.65961	2.0508	1.80054	7.42782	-6.72337	7.35	-6.65	1.81821	1.81821
7.45412	-6.55511	2.06656	1.81814	7.46332	-6.54842	7.45	-6.55	1.81821	1.81821
7.58303	-6.4715	2.22524	1.67872	7.54452	-6.5069	7.55	-6.5	1.81726	0.908632
7.68149	-6.41241	2.15307	1.57672	7.65373	-6.46481	7.65	-6.45	1.81726	0.908632
7.84152	-6.35864	2.52513	1.29222	7.8635	-6.45394	7.8	-6.4	2.72951	0.909839
7.96342	-6.31068	2.47499	1.22106	7.94162	-6.34466	7.95	-6.35	2.72948	0.909826
8.03746	-6.22258	2.09006	1.46908	7.89525	-6.11857	8.05	-6.25	2.00047	2.00048
8.13785	-6.14948	2.08053	1.46542	8.12355	-6.14389	8.15	-6.15	2.00048	2.00048
8.26875	-6.0715	2.20059	1.4103	8.31423	-6.05705	8.3	-6.05	2.72702	1.81801
8.4083	-5.97942	2.24975	1.46049	8.45315	-5.97158	8.45	-5.95	2.727	1.818
8.51844	-5.90442	2.22328	1.47933	8.53167	-5.90349	8.55	-5.9	2.00127	1.00064
8.6322	-5.83029	2.22934	1.48163	8.64207	-5.83392	8.65	-5.85	2.00128	1.00064
8.77423	-5.76791	2.45887	1.36408	8.88764	-5.82241	8.8	-5.75	2.99963	1.99976
8.91343	-5.67697	2.50488	1.43558	8.94256	-5.64534	8.95	-5.65	2.99961	1.99974
9.01583	-5.59137	2.22063	1.60134	9.21669	-5.64514	9.05	-5.55	1.99699	1.997
9.13895	-5.48885	2.25621	1.66942	9.15342	-5.45253	9.15	-5.45	1.997	1.99701
9.23844	-5.38275	2.05036	1.78239	9.16723	-5.29709	9.25	-5.35	1.8166	1.81659
9.35562	-5.26788	2.06615	1.83113	9.34852	-5.23619	9.35	-5.25	1.8166	1.81659
9.45411	-5.15956	1.95124	1.88958	9.39027	-5.1041	9.45	-5.15	1.8222	1.82219
9.55773	-5.05466	1.94407	1.89112	9.54207	-5.04728	9.55	-5.05	1.82219	1.82219
9.67982	-4.97517	2.19318	1.76223	9.62802	-5.02338	9.65	-5	1.99604	0.998028
9.77587	-4.91076	2.15526	1.68772	9.75	-4.94288	9.75	-4.95	1.99605	0.998028
9.86159	-4.81313	1.8573	1.79112	9.88102	-4.86216	9.85	-4.85	1.81895	1.81894
9.95523	-4.73421	1.83264	1.73163	9.94502	-4.76247	9.95	-4.75	1.81894	1.81894
10.0322	-4.62994	1.59833	1.82859	10.0747	-4.62454	10.05	-4.6	1.81966	2.72951
10.1309	-4.49877	1.63123	1.9209	10.1384	-4.4533	10.15	-4.45	1.81965	2.72948
10.2244	-4.38904	1.67823	1.91925	10.1743	-4.32841	10.25	-4.35	1.81908	1.81907
10.3256	-4.27141	1.70078	1.95809	10.3492	-4.25956	10.35	-4.25	1.81908	1.81907
10.4145	-4.16843	1.67607	1.98791	10.56	-4.15868	10.45	-4.1	2.00061	3.0009
10.5186	-4.0231	1.7311	2.12936	10.5557	-3.96034	10.55	-3.95	2.0006	3.0009
10.6383	-3.91543	1.97608	2.08653	10.7738	-3.89129	10.65	-3.85	1.99963	1.99964
10.7422	-3.7871	1.99306	2.15809	10.7394	-3.74821	10.75	-3.75	1.99962	1.99962
10.7643	-3.66171	1.27337	2.35625	10.7674	-3.58281	10.8	-3.6	0.999844	2.99952
10.8415	-3.50026	1.31107	2.48883	10.8596	-3.4348	10.85	-3.45	0.999834	2.99949
10.9564	-3.3783	1.76205	2.40004	10.9601	-3.36033	10.95	-3.35	2.00065	2.00064
11.046	-3.25527	1.76576	2.40965	11.0504	-3.25128	11.05	-3.25	2.00064	2.00064
11.0717	-3.12598	1.19714	2.52758	11.0282	-3.07488	11.1	-3.1	0.998546	2.99563
11.1394	-2.97662	1.21674	2.59749	11.1569	-2.944	11.15	-2.95	0.998526	2.9956
11.1319	-2.82676	0.518351	2.72189	11.1386	-2.78926	11.15	-2.8	0	2.73104
11.1583	-2.66773	0.515561	2.74936	11.141	-2.65084	11.15	-2.65	0	2.73102
11.1616	-2.51926	0.307999	2.76566	11.1042	-2.54354	11.15	-2.55	0	1.81785
11.1688	-2.40628	0.283612	2.64665	11.1497	-2.45904	11.15	-2.45	0	1.81785
11.2705	-2.27551	1.12583	2.54318	11.1658	-2.25651	11.25	-2.25	1.99733	3.99465
11.3367	-2.10801	1.14945	2.66554	11.3591	-2.05184	11.35	-2.05	1.99733	3.99465
11.3421	-1.9597	0.622956	2.71805	11.3117	-1.92025	11.35	-1.95	0	1.81854
11.3697	-1.8344	0.607844	2.64422	11.3504	-1.8663	11.35	-1.85	0	1.81853
11.3795	-1.69067	0.374954	2.65789	11.4185	-1.70062	11.35	-1.7	0	2.72762
11.3928	-1.54065	0.360665	2.66769	11.3568	-1.53205	11.35	-1.55	0	2.72762
11.3262	-1.39806	-0.413637	2.70016	11.2541	-1.38373	11.3	-1.4	-0.908846	2.72653
11.2928	-1.24803	-0.434409	2.70233	11.2429	-1.24238	11.25	-1.25	-0.908846	2.72653
11.1896	-1.10459	-1.12742	2.71569	11.0754	-1.08747	11.15	-1.1	-1.82014	2.73021
11.1151	-0.944769	-1.15167	2.74521	11.0544	-0.927069	11.05	-0.949999	-1.82013	2.73021
11.0452	-0.806956	-1.22137	2.74753	10.9247	-0.791254	11	-0.799999	-1.00036	3.00107
10.9775	-0.658157	-1.23396	2.78093	10.9434	-0.640459	10.95	-0.65	-1.00035	3.00104
10.8555	-0.52371	-1.74846	2.76945	10.7146	-0.485949	10.85	-0.5	-2.00003	3.00006
10.7647	-0.376215	-1.75516	2.79621	10.7471	-0.362528	10.75	-0.35	-2.00002	3.00003
10.669	-0.231414	-1.75311	2.76858	10.6895	-0.304531	10.65	-0.3	-1.81779	0.908892
10.5681	-0.156459	-1.75519	2.53415	10.547	-0.266677	10.55	-0.25	-1.81778	0.908893
10.4144	-0.0546826	-2.41295	2.4447	10.5032	-0.154501	10.4	-0.15	-3.00061	2.00041
10.2867	0.0214519	-2.42148	2.30429	10.2485	-0.0475524	10.25	-0.0499992	-3.0006	2.00041
10.1919	0.116988	-2.15215	2.25122	10.1407	-0.0721585	10.15	-0.0499992	-1.99645	0
10.0778	0.118756	-2.15125	1.91328	10.0313	-0.0518611	10.05	-0.0499992	-1.99644	0
9.93655	0.192107	-2.43341	1.80582	10.0898	-0.00166396	9.9	9.49949e-07	-2.73175	0.910584
9.7962	0.192803	-2.43609	1.50552	9.74695	0.0464954	9.75	0.0500011	-2.73174	0.910584
9.63142	0.241005	-2.7991	1.40899	9.50401	0.0833188	9.6	0.100001	-2.99544	0.998471
9.48768	0.247948	-2.79937	1.21441	9.45825	0.149456	9.45	0.15	-2.99545	0.998471
9.381	0.299296	-2.29821	1.18458	9.22819	0.16178	9.35	0.15	-1.81963	0
9.25592	0.274388	-2.28755	0.909009	9.24456	0.139817	9.25	0.15	-1.81962	0
9.09808	0.300902	-2.69245	0.83647	9.0729	0.205961	9.1	0.2	-3.00059	1.0002
8.96452	0.306916	-2.6874	0.726447	8.96281	0.250937	8.95	0.25	-3.0006	1.0002
8.81735	0.329584	-2.82023	0.67909	8.84168	0.257617	8.8	0.25	-2.99995	0
8.67436	0.318575	-2.82004	0.540299	8.65606	0.24536	8.65	0.25	-2.99994	0
8.52723	0.330899	-2.84525	0.493393	8.43549	0.247188	8.5	0.25	-2.99323	0
8.37874	0.316591	-2.85307	0.372407	8.34184	0.250769	8.35	0.25	-2.9932	0
8.23835	0.322419	-2.71296	0.330925	8.27073	0.243988	8.2	0.25	-2.73233	0
8.08165	0.310431	-2.72599	0.237115	8.03847	0.260731	8.05	0.25	-2.73234	0
7.93944	0.301436	-2.80275	0.168834	7.98053	0.204587	7.9	0.2	-3.00234	-1.00078
7.78996	0.250537	-2.8165	-0.0165606	7.73327	0.149199	7.75	0.15	-3.00231	-1.00077
7.6247	0.231089	-2.99082	-0.0791931	7.46173	0.143776	7.6	0.15	-2.99599	0
7.47222	0.198833	-2.99457	-0.168097	7.45455	0.149294	7.45	0.15	-2.99596	0
7.38029	0.170643	-2.30267	-0.216695	7.37986	0.0951006	7.35	0.100001	-1.81801	-0.908998
7.25663	0.120084	-2.29582	-0.338835	7.26713	0.055036	7.25	0.0500011	-1.81801	-0.908998
7.11084	0.0723069	-2.564	-0.434109	7.32548	-0.0461763	7.1	-0.0499995	-2.72495	-1.81664
6.96373	-0.0193322	-2.57575	-0.64951	6.93127	-0.133333	6.95	-0.15	-2.72492	-1.81662
6.93627	-0.109953	-1.5699	-0.837942	7.09668	-0.264116	6.9	-0.25	-0.910634	-1.82126
6.84955	-0.225159	-1.57429	-1.05928	6.84796	-0.34284	6.85	-0.35	-0.910622	-1.82124
6.67654	-0.300172	-2.44417	-1.09631	6.64638	-0.45061	6.7	-0.45	-2.99641	-1.99759
6.55179	-0.41965	-2.45645	-1.30399	6.54772	-0.536719	6.55	-0.549999	-2.99637	-1.99757
6.50805	-0.565999	-1.57567	-1.60675	6.50462	-0.718	6.5	-0.7	-0.909955	-2.72986
6.42436	-0.723936	-1.58335	-1.83105	6.45451	-0.851695	6.45	-0.85	-0.909955	-2.72986
6.3959	-0.874614	-1.09131	-2.07847	6.42547	-0.999512	6.4	-1	-0.999224	-2.99766
6.3395	-1.04086	-1.11344	-2.27924	6.3554	-1.1624	6.35	-1.15	-0.99921	-2.99763
6.27678	-1.201	-1.05347	-2.40768	6.14523	-1.27904	6.3	-1.3	-0.908722	-2.72618
6.2167	-1.37443	-1.07353	-2.53926	6.2299	-1.45381	6.25	-1.45	-0.908718	-2.72616
6.26877	-1.58374	-0.0157498	-2.97526	6.37158	-1.60661	6.3	-1.6	0.910485	-2.73144
6.28209	-1.74513	0.0141113	-2.96587	6.34473	-1.75136	6.35	-1.75	0.910481	-2.73144
6.28736	-1.89069	0.032242	-2.95769	6.34	-1.88987	6.35	-1.9	0	-2.99515
6.30205	-2.0352	0.0603982	-2.9428	6.35828	-2.03886	6.35	-2.05	0	-2.99515
6.30948	-2.19456	0.0405014	-2.92277	6.45002	-2.23466	6.35	-2.2	0	-2.72856
6.3183	-2.34864	0.0580349	-2.9005	6.34057	-2.34076	6.35	-2.35	0	-2.72854
6.3707	-2.53597	0.489506	-3.11523	6.4979	-2.56206	6.4	-2.5	0.908227	-2.7247
6.41291	-2.68471	0.535642	-3.04109	6.45265	-2.65056	6.45	-2.65	0.908223	-2.72467
6.40469	-2.81283	0.118943	-2.7674	6.46538	-2.81029	6.45	-2.8	0	-2.72732
6.42303	-2.95319	0.151709	-2.72783	6.45762	-2.94003	6.45	-2.95	0	-2.7273
6.47573	-3.14079	0.640043	-3.03314	6.36717	-3.08903	6.5	-3.15	0.909078	-3.6363
6.51554	-3.3154	0.64511	-3.05453	6.54349	-3.33906	6.55	-3.35	0.90907	-3.63626
6.55808	-3.4878	0.679428	-3.07721	6.6454	-3.53435	6.6	-3.5	0.910038	-2.7301
6.60798	-3.65617	0.707581	-3.07024	6.65608	-3.67065	6.65	-3.65	0.910033	-2.7301
6.64752	-3.81645	0.671371	-3.01865	6.70981	-3.81998	6.7	-3.8	0.908095	-2.7243
6.70062	-3.96945	0.716214	-2.97414	6.74422	-3.95901	6.75	-3.95	0.908091	-2.72428
6.73242	-4.11268	0.618094	-2.86038	6.72525	-4.05329	6.8	-4.1	0.910949	-2.73284
6.78505	-4.25785	0.668172	-2.81891	6.83817	-4.25449	6.85	-4.25	0.910945	-2.73284
6.80869	-4.37136	0.512893	-2.64517	6.86491	-4.32753	6.9	-4.35	0.999834	-1.99968
6.86631	-4.47714	0.602582	-2.55641	6.94879	-4.45387	6.95	-4.45	0.999829	-1.99966
6.95345	-4.63801	1.11876	-2.90037	6.99339	-4.57763	7.05	-4.6	1.99653	-2.99479
7.04294	-4.76513	1.20596	-2.83389	7.14339	-4.76622	7.15	-4.75	1.99653	-2.99479
7.0877	-4.87361	1.00096	-2.6144	7.11889	-4.79341	7.2	-4.85	1.00098	-2.00196
7.1722	-4.97495	1.09857	-2.51746	7.25883	-4.94719	7.25	-4.95	1.00097	-2.00194
7.23363	-5.1051	1.07101	-2.46887	7.28536	-5.09276	7.3	-5.1	0.90969	-2.72906
7.30322	-5.23849	1.09729	-2.45757	7.33925	-5.24908	7.35	-5.25	0.909677	-2.72904
7.40718	-5.39909	1.59584	-2.83747	7.33914	-5.30864	7.45	-5.4	1.99976	-2.99964
7.50121	-5.53826	1.63021	-2.82301	7.5499	-5.55354	7.55	-5.55	1.99976	-2.99964
7.54591	-5.64057	1.24055	-2.48733	7.59167	-5.64447	7.6	-5.65	1.00038	-2.00076
7.62038	-5.75146	1.27788	-2.44525	7.64483	-5.73357	7.65	-5.75	1.00037	-2.00074
7.71094	-5.90062	1.49798	-2.61454	7.6402	-5.81769	7.75	-5.9	1.81659	-2.7249
7.80571	-6.04093	1.5292	-2.59897	7.84396	-6.051	7.85	-6.05	1.81659	-2.7249
7.85006	-6.14101	1.10356	-2.22178	7.91394	-6.15143	7.9	-6.15	0.909251	-1.81851
7.92163	-6.2575	1.13273	-2.20152	7.95018	-6.25957	7.95	-6.25	0.909247	-1.81849
8.01047	-6.39073	1.33286	-2.33595	8.10134	-6.38026	8.05	-6.35	1.81576	-1.81577
8.11137	-6.49106	1.41461	-2.24827	8.15891	-6.45832	8.15	-6.45	1.81577	-1.81577
8.22093	-6.63248	1.65583	-2.42227	8.3424	-6.65648	8.25	-6.6	1.8218	-2.73269
8.31983	-6.75685	1.67974	-2.39588	8.33273	-6.74641	8.35	-6.75	1.8218	-2.73269
8.39643	-6.87729	1.50505	-2.25561	8.46635	-6.96022	8.4	-6.9	0.907987	-2.72401
8.46491	-7.01791	1.46157	-2.30539	8.44383	-7.03914	8.45	-7.05	0.907988	-2.72398
8.53974	-7.15024	1.42639	-2.30737	8.53661	-7.23635	8.5	-7.2	0.910054	-2.73014
8.58998	-7.31381	1.33854	-2.41622	8.55761	-7.36836	8.55	-7.35	0.910046	-2.73012
8.66528	-7.44417	1.4059	-2.48228	8.70486	-7.48959	8.65	-7.45	1.99827	-1.99828
8.74294	-7.56186	1.42704	-2.46184	8.7565	-7.55536	8.75	-7.55	1.99828	-1.99828
8.81249	-7.69248	1.37064	-2.42112	8.74707	-7.66927	8.8	-7.7	0.909061	-2.72717
8.87378	-7.83915	1.32917	-2.46252	8.85031	-7.85391	8.85	-7.85	0.909053	-2.72715
8.9372	-7.96985	1.26122	-2.41299	8.88546	-7.96913	8.9	-8	0.908945	-2.72688
8.98281	-8.12892	1.18913	-2.49136	8.95085	-8.16397	8.95	-8.15	0.908953	-2.72687
9.04583	-8.26192	1.16843	-2.46674	9.03618	-8.239	9.05	-8.25	1.82026	-1.82027
9.12844	-8.37666	1.22472	-2.40547	9.15149	-8.34807	9.15	-8.35	1.82025	-1.82026
9.20593	-8.51299	1.40588	-2.57858	9.14011	-8.44049	9.2	-8.5	0.999884	-2.99963
9.26159	-8.65037	1.36593	-2.6073	9.22902	-8.65053	9.25	-8.65	0.999874	-2.9996
9.32293	-8.7763	1.33364	-2.58268	9.23666	-8.722	9.3	-8.8	0.999284	-2.99783
9.37668	-8.92241	1.29247	-2.63108	9.36398	-8.95164	9.35	-8.95	0.999284	-2.99784
9.41599	-9.03529	0.955042	-2.29806	9.47823	-9.13791	9.4	-9.05	0.909209	-1.81844
9.45974	-9.16441	0.932117	-2.30923	9.43696	-9.1575	9.45	-9.15	0.90921	-1.81843
9.51572	-9.30058	1.00937	-2.39954	9.44585	-9.27158	9.5	-9.3	0.908483	-2.72543
9.55899	-9.44273	0.973732	-2.43043	9.53884	-9.45193	9.55	-9.45	0.908475	-2.72542
9.62167	-9.5886	1.03929	-2.50645	9.6872	-9.68187	9.6	-9.6	0.909756	-2.72927
9.67284	-9.73678	1.01899	-2.53493	9.67284	-9.75791	9.65	-9.75	0.909739	-2.72923
9.74183	-9.8881	1.14871	-2.68758	9.86489	-10.0711	9.7	-9.9	0.998626	-2.99586
9.78055	-10.0364	1.09499	-2.73053	9.74713	-10.0467	9.75	-10.05	0.998616	-2.99584
9.80417	-10.1503	0.757268	-2.38012	9.75497	-10.1932	9.75	-10.2	0	-2.72857
9.80457	-10.3184	0.634955	-2.49073	9.74697	-10.3629	9.75	-10.35	0	-2.72854
9.84688	-10.4693	0.742	-2.62521	9.77249	-10.4428	9.8	-10.5	0.909773	-2.7293
9.87546	-10.6266	0.704575	-2.66248	9.86261	-10.6462	9.85	-10.65	0.909773	-2.7293
9.89022	-10.7497	0.480154	-2.42293	9.86786	-10.8223	9.85	-10.8	0	-2.72846
9.88612	-10.9095	0.389593	-2.50126	9.8455	-10.9408	9.85	-10.95	0	-2.72844
9.90237	-11.0488	0.36506	-2.49628	9.84594	-11.0973	9.85	-11.1	0	-2.72748
9.88588	-11.2159	0.257255	-2.58459	9.83549	-11.2481	9.85	-11.25	0	-2.72745
9.90339	-11.3597	0.310733	-2.67503	9.8926	-11.4631	9.85	-11.4	0	-2.9967
9.89404	-11.5211	0.232685	-2.75154	9.87136	-11.5692	9.85	-11.55	0	-2.99671
9.88352	-11.6457	-0.00954622	-2.46206	9.89882	-11.7746	9.8	-11.7	-0.909227	-2.72768
9.8278	-11.8218	-0.171392	-2.58356	9.74749	-11.8623	9.75	-11.85	-0.909218	-2.72765
9.80076	-11.9457	-0.332472	-2.39246	9.75738	-12.0161	9.7	-12	-0.908714	-2.72613
9.72956	-12.115	-0.487693	-2.50453	9.65408	-12.1513	9.65	-12.15	-0.908706	-2.7261
9.67471	-12.2161	-0.74578	-2.16662	9.60373	-12.2428	9.6	-12.25	-0.909639	-1.81931
9.60155	-12.3474	-0.834995	-2.2095	9.54006	-12.3354	9.55	-12.35	-0.90964	-1.8193
9.51698	-12.4142	-1.17688	-1.73852	9.38815	-12.3607	9.45	-12.45	-1.81824	-1.81825
9.41315	-12.5307	-1.28893	-1.80371	9.35049	-12.5377	9.35	-12.55	-1.81823	-1.81823
9.31868	-12.6018	-1.53987	-1.46629	9.33568	-12.8372	9.2	-12.65	-2.72578	-1.81718
9.15877	-12.7256	-1.75786	-1.59708	9.04708	-12.7528	9.05	-12.75	-2.72576	-1.81717
9.05781	-12.8148	-1.76602	-1.60828	8.97697	-12.8161	8.95	-12.85	-1.8192	-1.81921
8.91564	-12.9277	-1.89698	-1.68272	8.84904	-12.9423	8.85	-12.95	-1.81921	-1.81921
8.79531	-13.0025	-2.00128	-1.54144	8.64934	-12.9537	8.7	-13.05	-2.72781	-1.81854
8.62738	-13.1206	-2.17141	-1.63973	8.5479	-13.1496	8.55	-13.15	-2.7278	-1.81853
8.46048	-13.1159	-2.68631	-0.744292	8.43462	-13.263	8.4	-13.15	-2.72644	0
8.29419	-13.1611	-2.73766	-0.761048	8.26001	-13.1483	8.25	-13.15	-2.72641	0
8.13843	-13.159	-2.92956	-0.408473	8.10139	-13.1447	8.1	-13.15	-3.00083	0
7.97953	-13.1792	-2.96255	-0.413368	7.95138	-13.1593	7.95	-13.15	-3.00084	0
7.82749	-13.2286	-2.84862	-0.639228	7.85182	-13.2702	7.8	-13.2	-2.72553	-0.908516
7.65933	-13.2676	-2.88119	-0.651882	7.64076	-13.2654	7.65	-13.25	-2.72554	-0.908516
7.47522	-13.2317	-3.19758	0.0155997	7.51359	-13.2891	7.5	-13.2	-2.72544	0.908483
7.33154	-13.2031	-3.09612	0.0873799	7.35762	-13.1417	7.35	-13.15	-2.72544	0.908483
7.16793	-13.2101	-3.03846	-0.0226421	7.19553	-13.2012	7.2	-13.15	-2.73035	0
7.02713	-13.1927	-2.9581	0.0266621	7.05296	-13.1563	7.05	-13.15	-2.73035	0
6.85839	-13.1735	-3.03513	0.199902	6.87644	-13.2105	6.85	-13.15	-3.63616	0
6.68664	-13.1586	-3.04637	0.206699	6.672	-13.1364	6.65	-13.15	-3.63617	0
6.53266	-13.1844	-2.89203	-0.148071	6.53838	-13.1322	6.55	-13.15	-1.81656	0
6.41473	-13.1749	-2.76997	-0.096842	6.46904	-13.1587	6.45	-13.15	-1.81657	0
6.24745	-13.1276	-2.93797	0.337836	6.22921	-13.0167	6.3	-13.1	-2.73109	0.910352
6.12218	-13.0847	-2.82661	0.401146	6.15723	-13.0319	6.15	-13.05	-2.73109	0.91036
5.94296	-12.9753	-3.10764	1.15561	5.95573	-12.8757	6	-12.95	-2.72331	1.81553
5.8128	-12.888	-2.98278	1.21838	5.85711	-12.8423	5.85	-12.85	-2.72331	1.81554
5.66076	-12.8439	-2.89464	1.02259	5.73901	-12.8863	5.7	-12.8	-2.72842	0.909475
5.52653	-12.7756	-2.81962	1.05583	5.5559	-12.7556	5.55	-12.75	-2.72839	0.909466
5.36462	-12.6793	-2.93585	1.41074	5.41889	-12.699	5.4	-12.65	-2.731	1.82067
5.22194	-12.5868	-2.87714	1.4474	5.23681	-12.5467	5.25	-12.55	-2.731	1.82066
5.07066	-12.5025	-2.86502	1.4848	5.16911	-12.5003	5.15	-12.45	-1.81821	1.8182
4.9744	-12.3947	-2.68096	1.55702	5.04959	-12.3548	5.05	-12.35	-1.8182	1.8182
4.85009	-12.311	-2.66845	1.61974	4.99996	-12.3538	4.95	-12.25	-1.99957	1.99957
4.78432	-12.1992	-2.46346	1.70277	4.86969	-12.1416	4.85	-12.15	-1.99954	1.99955
4.68127	-12.1295	-2.35219	1.51766	4.83937	-12.0439	4.8	-12.05	-0.999954	1.99993
4.65448	-12.0132	-2.07689	1.62756	4.77326	-11.9345	4.75	-11.95	-0.999959	1.99992
4.53649	-11.8572	-2.26576	2.25774	4.5839	-11.6711	4.65	-11.8	-2.0002	3.00031
4.4773	-11.7134	-2.09869	2.33735	4.54148	-11.6336	4.55	-11.65	-2.0002	3.0003
4.4016	-11.6422	-1.88758	1.86099	4.53697	-11.5591	4.55	-11.55	0	1.99749
4.40785	-11.5118	-1.58524	1.96921	4.55238	-11.4548	4.55	-11.45	0	1.99746
4.30943	-11.3166	-1.80798	2.74609	4.47604	-11.2089	4.5	-11.25	-0.90916	3.63662
4.31536	-11.1235	-1.49106	2.86713	4.45629	-11.0538	4.45	-11.05	-0.909152	3.63659
4.28575	-11.0494	-1.09454	1.99065	4.39651	-10.8822	4.45	-10.95	0	1.81807
4.32374	-10.9058	-0.801559	2.09515	4.45899	-10.8664	4.45	-10.85	0	1.81808
4.29383	-10.7743	-0.79461	2.23622	4.493	-10.7885	4.45	-10.7	0	2.72865
4.33351	-10.6152	-0.543421	2.34226	4.44058	-10.5544	4.45	-10.55	0	2.72864
4.31933	-10.4792	-0.492566	2.35716	4.44399	-10.3941	4.45	-10.4	0	2.72392
4.35948	-10.3149	-0.28809	2.45593	4.44086	-10.2469	4.45	-10.25	0	2.72391
4.36737	-10.1856	-0.188749	2.3768	4.53204	-10.1814	4.5	-10.1	0.909624	2.72885
4.44085	-10.0148	0.0644385	2.49623	4.54793	-9.94716	4.55	-9.95	0.909615	2.72884
4.47024	-9.87848	0.190926	2.39188	4.57622	-9.70975	4.6	-9.8	0.909111	2.72733
4.5532	-9.70826	0.410563	2.50624	4.64364	-9.63888	4.65	-9.65	0.909107	2.72732
4.60716	-9.58108	0.563846	2.36012	4.76627	-9.54952	4.75	-9.5	1.81921	2.7288
4.71736	-9.41518	0.800271	2.47555	4.82761	-9.37054	4.85	-9.35	1.81921	2.7288
4.77523	-9.26453	0.82534	2.55234	4.89701	-9.18082	4.9	-9.2	0.908739	2.72622
4.87373	-9.09296	0.985709	2.64729	4.94177	-9.04086	4.95	-9.05	0.908743	2.72623
4.97792	-8.99439	1.32463	2.18719	5.09012	-9.06486	5.05	-8.95	1.8169	1.81688
5.08559	-8.85804	1.42698	2.24138	5.1385	-8.8446	5.15	-8.85	1.81688	1.81688
5.17081	-8.72484	1.44047	2.28411	5.21345	-8.63875	5.25	-8.7	1.8201	2.73014
5.28682	-8.57727	1.55046	2.35464	5.33853	-8.54729	5.35	-8.55	1.82008	2.73013
5.38037	-8.45256	1.61914	2.27735	5.35874	-8.39385	5.4	-8.45	0.910244	1.82049
5.46321	-8.33653	1.5987	2.25315	5.46213	-8.36055	5.45	-8.35	0.910249	1.8205
5.52957	-8.20934	1.44782	2.44799	5.63723	-8.3352	5.55	-8.2	1.99657	2.99484
5.61693	-8.07608	1.49229	2.48165	5.63863	-8.05978	5.65	-8.05	1.99657	2.99485
5.73825	-7.96504	1.81259	2.14602	5.69655	-7.84304	5.75	-7.95	1.81871	1.81872
5.83921	-7.84764	1.81574	2.14548	5.84353	-7.85177	5.85	-7.85	1.81871	1.81871
5.96862	-7.75006	2.05722	1.90164	5.9537	-7.7033	6	-7.75	2.72961	1.81974
6.09976	-7.6429	2.10583	1.91967	6.14453	-7.66253	6.15	-7.65	2.72961	1.81974
6.20441	-7.54035	2.06675	1.98198	6.27	-7.55894	6.25	-7.55	1.9992	1.9992
6.31702	-7.43795	2.09194	1.99617	6.3386	-7.44193	6.35	-7.45	1.99918	1.99918
6.43417	-7.32845	2.10415	1.98973	6.44365	-7.32743	6.45	-7.35	1.81911	1.81911
6.54535	-7.22972	2.08782	1.96081	6.54947	-7.257	6.55	-7.25	1.81909	1.81909
6.65782	-7.14152	2.14319	1.90141	6.71635	-7.22979	6.65	-7.15	1.99996	1.99996
6.76294	-7.04388	2.13937	1.90619	6.7522	-7.03215	6.75	-7.05	1.99996	1.99996
6.89051	-6.96862	2.35261	1.70385	6.81357	-6.96259	6.85	-7	1.99752	0.998765
6.98652	-6.90459	2.2888	1.63582	6.95051	-6.93564	6.95	-6.95	1.99752	0.998765
7.11128	-6.81823	2.32588	1.58815	7.00414	-6.76319	7.1	-6.85	2.73035	1.82023
7.24079	-6.73645	2.32772	1.57547	7.25571	-6.75585	7.25	-6.75	2.73035	1.82023
7.33622	-6.64389	2.16149	1.70251	7.28718	-6.59248	7.35	-6.65	2.0006	2.0006
7.44145	-6.55748	2.15535	1.70386	7.42947	-6.54884	7.45	-6.55	2.00058	2.00058
7.5702	-6.48803	2.33807	1.56191	7.58756	-6.53752	7.55	-6.5	1.99841	0.999204
7.67462	-6.42374	2.30173	1.51765	7.65263	-6.44325	7.65	-6.45	1.99838	0.999195
7.83679	-6.37659	2.73789	1.20952	7.78988	-6.37954	7.8	-6.4	2.99952	0.999844
7.96694	-6.3252	2.71776	1.18131	7.95705	-6.33998	7.95	-6.35	2.99949	0.999829
8.04867	-6.23087	2.09531	1.56825	8.1289	-6.31809	8.05	-6.25	1.81603	1.81603
8.16123	-6.14512	2.08839	1.56486	8.15184	-6.14215	8.15	-6.15	1.81603	1.81603
8.2518	-6.04514	1.91376	1.675	8.12981	-5.95044	8.25	-6.05	1.81921	1.81921
8.35486	-5.95397	1.9084	1.67131	8.34844	-5.95288	8.35	-5.95	1.81921	1.81921
8.52472	-5.89353	2.50731	1.31624	8.45627	-5.87026	8.5	-5.9	2.729	0.909673
8.65658	-5.82837	2.49063	1.29328	8.64546	-5.83668	8.65	-5.85	2.72898	0.909661
8.78738	-5.75301	2.47197	1.30519	8.68227	-5.68169	8.8	-5.75	2.72771	1.81848
8.93259	-5.67076	2.49723	1.33912	8.95179	-5.66017	8.95	-5.65	2.72772	1.81848
9.01537	-5.5815	2.12559	1.54594	8.99196	-5.51961	9.05	-5.55	1.99939	1.9994
9.13406	-5.48354	2.16143	1.60968	9.15234	-5.45358	9.15	-5.45	1.9994	1.9994
9.25283	-5.39701	2.16214	1.6029	9.25593	-5.41629	9.25	-5.4	1.81776	0.90888
9.36301	-5.32134	2.13802	1.56343	9.3462	-5.33648	9.35	-5.35	1.81776	0.908875
9.41316	-5.2091	1.5465	1.84001	9.35852	-5.15981	9.45	-5.2	1.81545	2.72317
9.51518	-5.08871	1.59031	1.90209	9.55586	-5.07162	9.55	-5.05	1.81542	2.72314
9.62228	-4.9827	1.76276	1.85305	9.60543	-4.91132	9.65	-4.95	1.82145	1.82147
9.73068	-4.86186	1.7946	1.91269	9.75218	-4.8384	9.75	-4.85	1.82146	1.82146
9.84533	-4.76337	1.87845	1.87815	10.0131	-4.84834	9.85	-4.75	1.81961	1.8196
9.95038	-4.65962	1.88249	1.88056	9.9571	-4.66087	9.95	-4.65	1.8196	1.8196
10.0451	-4.56256	1.9001	1.88262	9.99977	-4.51909	10.05	-4.55	1.99827	1.99828
10.1463	-4.45487	1.91725	1.92399	10.1558	-4.43582	10.15	-4.45	1.99826	1.99826
10.2211	-4.33567	1.65416	2.02935	10.1567	-4.25503	10.25	-4.3	1.81693	2.72538
10.321	-4.20047	1.67963	2.10074	10.3312	-4.16698	10.35	-4.15	1.81692	2.72536
10.4337	-4.08622	1.88516	2.04575	10.3715	-4.04505	10.45	-4.05	1.81951	1.8195
10.5436	-3.95973	1.90198	2.08902	10.5551	-3.94162	10.55	-3.95	1.8195	1.81951
10.6474	-3.84525	1.89624	2.08887	10.6459	-3.84961	10.65	-3.85	1.81817	1.81818
10.7494	-3.73683	1.88988	2.06913	10.746	-3.7455	10.75	-3.75	1.81816	1.81817
10.8467	-3.62174	1.79437	2.09568	10.9384	-3.6422	10.85	-3.6	1.81621	2.7243
10.9496	-3.48366	1.80781	2.16333	10.9457	-3.45027	10.95	-3.45	1.8162	2.7243
10.9896	-3.3524	1.21815	2.31145	11.1095	-3.32648	11	-3.3	0.908632	2.72588
11.0584	-3.19944	1.22697	2.38736	11.0435	-3.16012	11.05	-3.15	0.908632	2.72588
11.1024	-3.05716	1.05079	2.44576	10.9851	-2.95299	11.1	-3	0.909905	2.72971
11.163	-2.89608	1.06126	2.52508	11.1542	-2.85724	11.15	-2.85	0.909888	2.72968
11.147	-2.74778	0.425225	2.63951	11.0233	-2.67356	11.15	-2.7	0	2.72847
11.1656	-2.58617	0.418271	2.68655	11.1324	-2.55807	11.15	-2.55	0	2.72844
11.1688	-2.43552	0.203349	2.72431	11.2541	-2.42353	11.15	-2.4	0	2.72732
11.1766	-2.27847	0.19763	2.74465	11.1569	-2.2658	11.15	-2.25	0	2.72732
11.2857	-2.12377	1.123	2.65853	11.2203	-2.08998	11.25	-2.1	1.81905	2.72856
11.349	-1.9641	1.12718	2.69913	11.3482	-1.94557	11.35	-1.95	1.81905	2.72856
11.2874	-1.81969	-0.0506296	2.78627	11.3928	-1.80815	11.3	-1.8	-0.90916	2.72747
11.2771	-1.65744	-0.0645906	2.81129	11.2389	-1.64141	11.25	-1.65	-0.909152	2.72745
11.2779	-1.50365	-0.0459749	2.80783	11.3341	-1.51762	11.25	-1.5	0	2.72321
11.273	-1.34907	-0.0504375	2.80708	11.2625	-1.34833	11.25	-1.35	0	2.72321
11.2132	-1.1989	-0.616856	2.82306	11.3121	-1.19064	11.2	-1.2	-0.909524	2.72856
11.1748	-1.04898	-0.625593	2.80635	11.1556	-1.0549	11.15	-1.05	-0.909524	2.72856
11.053	-0.903489	-1.41746	2.80346	10.9982	-0.893223	11.05	-0.9	-1.81945	2.72916
10.9699	-0.742951	-1.42762	2.82194	10.9445	-0.73319	10.95	-0.75	-1.81942	2.72913
10.9078	-0.585226	-1.24675	2.82698	10.8362	-0.586	10.9	-0.599999	-0.909839	2.72952
10.8391	-0.434614	-1.24688	2.81265	10.8388	-0.441032	10.85	-0.449999	-0.909822	2.72949
10.662	-0.319538	-2.30516	2.72679	10.6309	-0.359954	10.7	-0.349999	-2.99538	1.99692
10.5476	-0.209279	-2.30124	2.64742	10.5529	-0.247121	10.55	-0.25	-2.99539	1.99691
10.4588	-0.0723393	-1.93093	2.62748	10.4322	-0.19515	10.45	-0.2	-1.81715	0.908579
10.3531	-0.0171245	-1.92104	2.3568	10.3505	-0.143257	10.35	-0.15	-1.81716	0.908579
10.2042	0.0786421	-2.3352	2.24135	10.2068	-0.109014	10.2	-0.0999996	-2.73194	0.910655
10.0743	0.0996084	-2.32726	1.93136	10.0541	-0.0441275	10.05	-0.0499992	-2.73194	0.910655
9.92669	0.178309	-2.50008	1.84043	9.89001	0.00816785	9.9	9.49949e-07	-2.72481	0.908268
9.78628	0.187026	-2.49566	1.55856	9.75876	0.0560308	9.75	0.0500011	-2.72477	0.90826
9.68706	0.25279	-2.12222	1.50949	9.63528	0.0929341	9.65	0.100001	-1.81759	0.908784
9.57261	0.258731	-2.11005	1.27447	9.56967	0.149506	9.55	0.15	-1.81757	0.908775
9.42966	0.299954	-2.4186	1.17331	9.56225	0.148577	9.4	0.15	-2.72659	0
9.29184	0.276786	-2.41932	0.904777	9.25348	0.150166	9.25	0.15	-2.72658	0
9.14253	0.308305	-2.55311	0.843585	9.0821	0.207802	9.1	0.2	-2.72925	0.909752
8.9918	0.309922	-2.56928	0.705822	8.93575	0.243169	8.95	0.25	-2.72926	0.909752
8.84006	0.334093	-2.71144	0.654965	8.94634	0.26481	8.8	0.25	-2.72783	0
8.68419	0.323715	-2.72062	0.511938	8.64483	0.254352	8.65	0.25	-2.7278	0
8.53065	0.335567	-2.7353	0.460374	8.46866	0.251128	8.5	0.25	-2.72395	0
8.37741	0.316632	-2.73689	0.323459	8.35775	0.250149	8.35	0.25	-2.72395	0
8.22861	0.310339	-2.7493	0.247282	8.28111	0.196974	8.2	0.2	-2.73278	-0.910929
8.07113	0.256924	-2.75717	0.0392255	8.03004	0.154113	8.05	0.15	-2.73279	-0.910929
7.8489	0.240091	-3.51261	-0.0374997	7.74678	0.154598	7.85	0.15	-3.9992	0
7.66783	0.20248	-3.52066	-0.149213	7.63715	0.143302	7.65	0.15	-3.99916	0
7.58773	0.186945	-2.62607	-0.159433	7.61982	0.157052	7.55	0.15	-1.99868	0
7.45356	0.172262	-2.63091	-0.180545	7.43926	0.160393	7.45	0.15	-1.99866	0
7.3014	0.150443	-2.72014	-0.219801	7.34481	0.102019	7.3	0.100001	-2.72622	-0.908734
7.15497	0.103953	-2.71324	-0.32871	7.16771	0.0463372	7.15	0.0500011	-2.72623	-0.908734
7.05523	0.0555299	-2.24832	-0.423623	7.05721	-0.05037	7.05	-0.0499995	-1.81887	-1.81889
6.93539	-0.0337694	-2.24106	-0.633878	6.95035	-0.144849	6.95	-0.15	-1.81888	-1.81889
6.84365	-0.109991	-1.95746	-0.770955	6.87212	-0.243254	6.85	-0.25	-1.81792	-1.81792
6.74049	-0.224819	-1.95227	-1.00287	6.76317	-0.34818	6.75	-0.35	-1.81792	-1.81792
6.64402	-0.319335	-1.89131	-1.13229	6.75759	-0.453523	6.65	-0.45	-1.81881	-1.8188
6.54297	-0.444539	-1.89309	-1.33465	6.56412	-0.553924	6.55	-0.549999	-1.81879	-1.81878
6.46901	-0.579355	-1.65015	-1.55066	6.60439	-0.765755	6.45	-0.749999	-1.81971	-3.63941
6.37135	-0.765182	-1.68343	-1.87572	6.36344	-0.942514	6.35	-0.949999	-1.81969	-3.63937
6.39276	-0.956765	-0.639659	-2.31811	6.35624	-1.10001	6.35	-1.1	0	-2.99522
6.35685	-1.13379	-0.666385	-2.51487	6.36321	-1.25111	6.35	-1.25	0	-2.99519
6.34378	-1.31759	-0.39917	-2.71239	6.30992	-1.40686	6.35	-1.4	0	-2.72817
6.32468	-1.49667	-0.406023	-2.80751	6.35537	-1.55723	6.35	-1.55	0	-2.72817
6.33043	-1.67421	-0.192191	-2.92339	6.50996	-1.74616	6.35	-1.7	0	-2.72628
6.32634	-1.83398	-0.178435	-2.91849	6.35448	-1.83673	6.35	-1.85	0	-2.72628
6.31605	-1.99415	-0.211023	-2.90744	6.38849	-2.02257	6.35	-2	0	-2.73154
6.31452	-2.14565	-0.185729	-2.87938	6.35078	-2.13767	6.35	-2.15	0	-2.73152
6.30827	-2.29057	-0.150278	-2.89225	6.28921	-2.27735	6.35	-2.3	0	-2.99503
6.30709	-2.43412	-0.136621	-2.88623	6.33355	-2.43768	6.35	-2.45	0	-2.99503
6.34861	-2.62123	0.359062	-3.13771	6.30986	-2.56694	6.4	-2.6	0.909996	-2.73
6.38926	-2.77431	0.415335	-3.07233	6.45623	-2.7536	6.45	-2.75	0.91	-2.73
6.43129	-2.94269	0.590738	-3.12728	6.40481	-2.87127	6.5	-2.9	0.907593	-2.72277
6.48891	-3.07713	0.669079	-3.00543	6.54629	-3.01951	6.55	-3.05	0.907584	-2.72274
6.51629	-3.23155	0.494295	-2.89316	6.70928	-3.32749	6.55	-3.25	0	-3.63617
6.53905	-3.41162	0.471183	-2.95657	6.54763	-3.45513	6.55	-3.45	0	-3.63613
6.58011	-3.58875	0.649641	-3.08067	6.52015	-3.55608	6.6	-3.6	0.909673	-2.72901
6.62453	-3.74844	0.675275	-3.04929	6.64571	-3.73674	6.65	-3.75	0.909661	-2.72898
6.67592	-3.90637	0.76033	-3.04295	6.71319	-3.83967	6.75	-3.85	1.81795	-1.81795
6.76212	-4.0165	0.898026	-2.86131	6.85201	-3.93663	6.85	-3.95	1.81793	-1.81793
6.85185	-4.1874	1.14691	-2.98693	7.13409	-4.28567	6.9	-4.15	0.909979	-3.63994
6.92671	-4.34017	1.18105	-2.94975	6.9548	-4.32855	6.95	-4.35	0.909975	-3.6399
6.95982	-4.46349	0.823949	-2.64941	7.00947	-4.44692	7	-4.45	0.907889	-1.81577
7.02354	-4.58526	0.881245	-2.57396	7.05586	-4.55105	7.05	-4.55	0.907881	-1.81576
7.09422	-4.73901	1.06055	-2.69049	7.15974	-4.75194	7.1	-4.7	0.909789	-2.72935
7.15368	-4.86948	1.07442	-2.64205	7.13261	-4.82718	7.15	-4.85	0.909777	-2.72933
7.25493	-5.04388	1.46198	-2.92058	7.2829	-5.01975	7.25	-5	1.81861	-2.72792
7.34343	-5.18478	1.49315	-2.86311	7.34301	-5.14642	7.35	-5.15	1.81859	-2.72789
7.39522	-5.30848	1.2978	-2.70814	7.32687	-5.26205	7.4	-5.3	0.999994	-3
7.4599	-5.44557	1.29619	-2.71275	7.46174	-5.44979	7.45	-5.45	0.999999	-3
7.52312	-5.5783	1.21882	-2.61981	7.47116	-5.48352	7.55	-5.55	1.81749	-1.81749
7.61556	-5.69339	1.29599	-2.52976	7.65989	-5.6552	7.65	-5.65	1.81747	-1.81747
7.681	-5.82014	1.18522	-2.41898	7.78563	-5.85993	7.7	-5.8	0.909598	-2.72881
7.74732	-5.95401	1.18741	-2.4208	7.75276	-5.95823	7.75	-5.95	0.909594	-2.72878
7.81743	-6.08291	1.22737	-2.42764	7.79663	-6.00945	7.85	-6.05	1.81964	-1.81964
7.90951	-6.18911	1.30167	-2.34379	7.95034	-6.15505	7.95	-6.15	1.81962	-1.81962
8.02514	-6.34414	1.7663	-2.71192	8.04642	-6.30578	8.05	-6.3	1.99731	-2.99599
8.12656	-6.46554	1.80542	-2.66767	8.14855	-6.44643	8.15	-6.45	1.99732	-2.99598
8.17849	-6.56436	1.30235	-2.22508	8.26534	-6.60186	8.2	-6.55	0.909111	-1.81822
8.25515	-6.67477	1.32127	-2.19135	8.25279	-6.64996	8.25	-6.65	0.909111	-1.81822
8.32822	-6.80009	1.37751	-2.2515	8.2109	-6.73286	8.3	-6.8	0.90845	-2.72534
8.38764	-6.93735	1.331	-2.29432	8.35448	-6.94719	8.35	-6.95	0.908442	-2.72531
8.49749	-7.10077	1.64428	-2.58112	8.61718	-7.22425	8.45	-7.1	1.81925	-2.72886
8.57571	-7.24937	1.61149	-2.60454	8.54666	-7.24803	8.55	-7.25	1.81924	-2.72886
8.65634	-7.37973	1.51191	-2.49978	8.69659	-7.3744	8.65	-7.35	1.82079	-1.8208
8.75185	-7.48929	1.55757	-2.42267	8.74711	-7.43338	8.75	-7.45	1.8208	-1.8208
8.83022	-7.61284	1.61745	-2.48057	8.68846	-7.50096	8.8	-7.6	0.997629	-2.99288
8.89227	-7.7496	1.56531	-2.52225	8.84984	-7.75349	8.85	-7.75	0.997629	-2.99288
8.94031	-7.86054	1.2711	-2.27702	8.77486	-7.80083	8.9	-7.9	0.909127	-2.72742
8.98141	-8.02053	1.18238	-2.37965	8.94604	-8.07116	8.95	-8.05	0.909127	-2.7274
9.01868	-8.13033	0.958018	-2.1864	8.92041	-8.11276	9	-8.15	0.909524	-1.81903
9.0581	-8.25226	0.925058	-2.1974	9.01893	-8.23506	9.05	-8.25	0.909516	-1.81902
9.11699	-8.38692	1.03785	-2.32261	9.04724	-8.3711	9.1	-8.4	0.909922	-2.72975
9.16836	-8.52178	1.0201	-2.34352	9.1628	-8.53304	9.15	-8.55	0.909913	-2.72976
9.24988	-8.68139	1.33273	-2.66216	9.09379	-8.55764	9.25	-8.7	1.8169	-2.72535
9.32804	-8.83276	1.3417	-2.67178	9.3508	-8.85468	9.35	-8.85	1.81688	-2.72532
9.39131	-8.96706	1.23335	-2.55902	9.40597	-8.96981	9.4	-9	0.910219	-2.73069
9.45031	-9.12531	1.20218	-2.60708	9.45338	-9.162	9.45	-9.15	0.910228	-2.73069
9.50787	-9.26097	1.18046	-2.609	9.51544	-9.36256	9.5	-9.3	0.997908	-2.99371
9.56038	-9.40931	1.15391	-2.65526	9.56994	-9.45148	9.55	-9.45	0.997908	-2.99372
9.58964	-9.5187	0.803489	-2.2935	9.62712	-9.59131	9.6	-9.55	0.909971	-1.81993
9.63433	-9.65062	0.801481	-2.30763	9.64603	-9.66938	9.65	-9.65	0.909954	-1.81992
9.66738	-9.76967	0.711143	-2.22528	9.63311	-9.79216	9.65	-9.8	0	-2.73054
9.67981	-9.91976	0.630304	-2.30632	9.64842	-9.95866	9.65	-9.95	0	-2.73053
9.73358	-10.0665	0.899391	-2.61447	9.61381	-9.98703	9.7	-10.1	0.998187	-2.99456
9.76397	-10.2158	0.852847	-2.66602	9.7516	-10.2483	9.75	-10.25	0.998187	-2.99455
9.81014	-10.3645	0.863866	-2.68657	9.7698	-10.3568	9.8	-10.4	0.909806	-2.7294
9.856	-10.5191	0.856004	-2.70416	9.8633	-10.5382	9.85	-10.55	0.909797	-2.72938
9.87698	-10.6404	0.60627	-2.43279	9.8617	-10.6917	9.85	-10.7	0	-2.72718
9.87947	-10.8064	0.511913	-2.52509	9.84674	-10.8547	9.85	-10.85	0	-2.72715
9.88967	-10.9306	0.390333	-2.40365	9.75887	-10.887	9.85	-11	0	-2.72395
9.8852	-11.0933	0.308949	-2.48848	9.86442	-11.1448	9.85	-11.15	0	-2.72395
9.90134	-11.2371	0.315899	-2.52095	9.87245	-11.316	9.85	-11.3	0	-2.73074
9.88687	-11.4054	0.219787	-2.6066	9.85036	-11.4464	9.85	-11.45	0	-2.73075
9.89774	-11.5526	0.195278	-2.59327	9.93142	-11.6783	9.85	-11.6	0	-2.72396
9.87786	-11.7167	0.106412	-2.65758	9.83174	-11.7336	9.85	-11.75	0	-2.72396
9.86878	-11.8361	-0.0120179	-2.52412	9.80843	-11.8702	9.8	-11.9	-1.0005	-3.00149
9.81935	-12.0014	-0.157369	-2.63867	9.75331	-12.0506	9.75	-12.05	-1.0005	-3.0015
9.74807	-12.065	-0.759716	-1.8618	9.64519	-12.1714	9.65	-12.15	-1.81799	-1.81797
9.647	-12.2052	-0.931521	-1.97682	9.55524	-12.2329	9.55	-12.25	-1.81797	-1.81797
9.59779	-12.3363	-0.852094	-2.14257	9.47014	-12.4324	9.45	-12.4	-1.82042	-2.73064
9.4655	-12.51	-1.10208	-2.30976	9.34172	-12.5587	9.35	-12.55	-1.82041	-2.73063
9.37461	-12.5817	-1.41225	-1.8932	9.21558	-12.6577	9.25	-12.65	-1.99893	-1.99891
9.2474	-12.7132	-1.57886	-2.00219	9.16462	-12.7506	9.15	-12.75	-1.99891	-1.9989
9.14884	-12.809	-1.67881	-1.86379	9.08802	-12.8351	9.05	-12.85	-1.81839	-1.81839
9.01851	-12.9318	-1.7891	-1.92587	8.95936	-12.9426	8.95	-12.95	-1.81838	-1.81838
8.87561	-12.9599	-2.26722	-1.16447	8.8569	-13.1416	8.8	-13	-2.72942	-0.909806
8.71362	-13.0412	-2.37496	-1.21867	8.65422	-13.0444	8.65	-13.05	-2.72941	-0.909806
8.59347	-13.1115	-2.34223	-1.30598	8.49168	-13.0983	8.5	-13.15	-2.99987	-1.99991
8.42194	-13.2077	-2.5028	-1.39661	8.3436	-13.2381	8.35	-13.25	-2.99984	-1.9999
8.25761	-13.1839	-2.92239	-0.598118	8.19421	-13.0768	8.25	-13.2	-1.99797	0.998985
8.13491	-13.1931	-2.8483	-0.543695	8.15674	-13.1486	8.15	-13.15	-1.99797	0.998985
7.98755	-13.2396	-2.75202	-0.714215	7.9999	-13.1879	8	-13.2	-2.73	-0.910004
7.84546	-13.2708	-2.72342	-0.693125	7.85314	-13.2533	7.85	-13.25	-2.73	-0.910004
7.6655	-13.2409	-3.01805	-0.112044	7.57824	-13.1345	7.65	-13.25	-3.62957	0
7.48264	-13.2513	-3.06494	-0.127295	7.45422	-13.2433	7.45	-13.25	-3.62953	0
7.31591	-13.2606	-3.05458	-0.144896	7.33241	-13.2718	7.3	-13.25	-2.7301	0
7.14526	-13.263	-3.05954	-0.133824	7.13166	-13.2372	7.15	-13.25	-2.73007	0
6.97379	-13.2542	-3.09999	-0.021622	6.97467	-13.1643	7	-13.25	-2.72703	0
6.82251	-13.247	-3.04328	0.00291675	6.84852	-13.2404	6.85	-13.25	-2.727	0
6.64582	-13.2087	-3.18733	0.363468	6.7113	-13.2598	6.7	-13.2	-2.72742	0.909144
6.50748	-13.1728	-3.07808	0.409672	6.55626	-13.1584	6.55	-13.15	-2.72742	0.909144
6.32931	-13.1093	-3.18496	0.712719	6.32545	-12.9303	6.4	-13.1	-2.72703	0.908994
6.19499	-13.0551	-3.06496	0.757813	6.25112	-13.0473	6.25	-13.05	-2.727	0.908995
6.03214	-13.0149	-3.04162	0.738426	6.09711	-13.0021	6.1	-13	-2.73	0.910004
5.90234	-12.9625	-2.93259	0.775167	5.95513	-12.9613	5.95	-12.95	-2.72998	0.909996
5.76015	-12.923	-2.94996	0.850876	5.89343	-13.1185	5.8	-12.9	-2.99275	0.99759
5.63646	-12.8659	-2.87574	0.888404	5.6635	-12.8347	5.65	-12.85	-2.99275	0.99758
5.48103	-12.7944	-2.93102	1.11341	5.61778	-12.8527	5.55	-12.75	-1.81993	1.81994
5.38264	-12.6978	-2.73946	1.20653	5.45219	-12.6228	5.45	-12.65	-1.81994	1.81994
5.23418	-12.6028	-2.7735	1.39989	5.30917	-12.4284	5.35	-12.55	-1.81722	1.81723
5.15687	-12.4935	-2.54764	1.48978	5.25069	-12.4448	5.25	-12.45	-1.81721	1.81721
5.01721	-12.3856	-2.61417	1.7443	5.13338	-12.4375	5.1	-12.35	-2.72881	1.8192
4.90586	-12.2796	-2.51866	1.77515	4.9499	-12.2734	4.95	-12.25	-2.72881	1.81921
4.78773	-12.2069	-2.39217	1.52508	4.92993	-12.1787	4.9	-12.15	-0.908467	1.81693
4.73835	-12.089	-2.14516	1.62013	4.84027	-12.0359	4.85	-12.05	-0.908462	1.81692
4.61617	-11.9361	-2.30527	2.21353	4.79909	-11.9738	4.75	-11.9	-1.81788	2.72684
4.5546	-11.7901	-2.11031	2.28352	4.63814	-11.758	4.65	-11.75	-1.81788	2.72683
4.46244	-11.6989	-1.92032	1.85961	4.50688	-11.4491	4.6	-11.65	-0.909963	1.81994
4.4358	-11.57	-1.68538	1.9394	4.5399	-11.541	4.55	-11.55	-0.909959	1.81992
4.33404	-11.3848	-1.87267	2.61408	4.46798	-11.2692	4.5	-11.35	-0.909227	3.63689
4.32883	-11.2048	-1.57999	2.72016	4.45518	-11.1556	4.45	-11.15	-0.909218	3.63686
4.28533	-11.1261	-1.28974	2.0826	4.47788	-11.2387	4.4	-11.05	-0.909227	1.81845
4.28062	-10.9867	-1.09147	2.15634	4.36691	-10.9529	4.35	-10.95	-0.909222	1.81844
4.2451	-10.8785	-0.954924	1.96517	4.34978	-10.6819	4.4	-10.8	0.9094	2.72823
4.29493	-10.7273	-0.646548	2.0906	4.42489	-10.6572	4.45	-10.65	0.909396	2.72819
4.26646	-10.5809	-0.727809	2.4489	4.45256	-10.5332	4.45	-10.5	0	3.00113
4.3221	-10.4187	-0.450037	2.56639	4.44692	-10.3512	4.45	-10.35	0	3.00113
4.32407	-10.2872	-0.324838	2.45844	4.41237	-9.99477	4.5	-10.2	0.999524	2.99855
4.41016	-10.1193	-0.0162012	2.59397	4.5556	-10.0446	4.55	-10.05	0.999524	2.99856
4.43139	-9.98413	0.0710959	2.56688	4.57379	-9.85032	4.6	-9.9	0.998267	2.9948
4.52532	-9.81507	0.342799	2.6922	4.65841	-9.75093	4.65	-9.75	0.998262	2.99479
4.59378	-9.71331	0.709649	2.11387	4.60255	-9.4741	4.7	-9.65	0.910924	1.82187
4.67913	-9.57458	0.849051	2.18444	4.74425	-9.53907	4.75	-9.55	0.910928	1.82186
4.72133	-9.42867	0.766075	2.39477	4.78405	-9.35872	4.8	-9.4	0.908038	2.72411
4.80865	-9.27653	0.900134	2.46129	4.87523	-9.25457	4.85	-9.25	0.908033	2.7241
4.87454	-9.13921	0.982339	2.41071	4.92663	-9.02336	4.95	-9.1	1.81851	2.72776
4.9756	-8.98484	1.12156	2.48324	5.04624	-8.96378	5.05	-8.95	1.81852	2.72777
5.05351	-8.84316	1.19801	2.45443	5.1055	-8.72095	5.15	-8.8	1.8165	2.72476
5.17735	-8.67775	1.3696	2.55385	5.26299	-8.64398	5.25	-8.65	1.8165	2.72475
5.29908	-8.57519	1.70733	2.14425	5.34134	-8.5519	5.35	-8.55	1.82159	1.8216
5.40852	-8.44864	1.75373	2.1734	5.43218	-8.43885	5.45	-8.45	1.82157	1.82157
5.49254	-8.31968	1.65082	2.2925	5.5122	-8.36624	5.5	-8.35	0.908054	1.81609
5.56449	-8.20876	1.59331	2.24584	5.54143	-8.23537	5.55	-8.25	0.908054	1.8161
5.70568	-8.14135	2.03535	1.70583	5.72065	-8.20245	5.7	-8.15	2.72851	1.81902
5.83086	-8.0395	2.07426	1.73281	5.85207	-8.0316	5.85	-8.05	2.72849	1.81899
5.90543	-7.90597	1.71366	2.14705	5.99121	-7.96746	5.95	-7.9	1.81851	2.72777
6.02011	-7.77237	1.77439	2.19659	6.04955	-7.75139	6.05	-7.75	1.81852	2.72777
6.13922	-7.66886	1.92708	2.04416	6.20599	-7.74241	6.15	-7.65	1.81739	1.81739
6.2451	-7.55806	1.9259	2.04007	6.2473	-7.56333	6.25	-7.55	1.81739	1.81739
6.3569	-7.45019	1.96144	2.00766	6.39144	-7.48582	6.35	-7.45	1.8164	1.81641
6.45615	-7.34835	1.93511	1.98088	6.44526	-7.36223	6.45	-7.35	1.81638	1.81638
6.59583	-7.26126	2.1859	1.76344	6.66209	-7.31025	6.6	-7.25	2.72856	1.81904
6.72847	-7.15401	2.22217	1.797	6.74856	-7.14204	6.75	-7.15	2.72856	1.81904
6.83664	-7.04741	2.10887	1.88833	6.83447	-7.05268	6.85	-7.05	1.82066	1.82066
6.95766	-6.94607	2.12067	1.88598	6.97717	-6.96144	6.95	-6.95	1.82065	1.82065
7.09897	-6.8708	2.40012	1.67538	7.13677	-6.88363	7.1	-6.85	2.99976	1.99984
7.23366	-6.77095	2.44357	1.72584	7.2552	-6.74652	7.25	-6.75	2.99976	1.99984
7.29285	-6.64953	1.92766	2.09993	7.234	-6.59525	7.3	-6.65	0.999384	1.99876
7.37534	-6.54903	1.89231	2.07831	7.33491	-6.53948	7.35	-6.55	0.999369	1.99874
7.58534	-6.50566	2.80606	1.39543	7.67988	-6.69347	7.5	-6.55	2.72747	0
7.69954	-6.47989	2.68713	1.23696	7.64389	-6.55777	7.65	-6.55	2.72745	0
7.7954	-6.39656	2.19923	1.53424	7.94309	-6.60222	7.75	-6.45	1.81623	1.81624
7.89456	-6.32928	2.1395	1.4751	7.84566	-6.34021	7.85	-6.35	1.81623	1.81624
8.04545	-6.27288	2.48985	1.21722	7.9171	-6.24084	8	-6.3	2.72648	0.908821
8.17005	-6.21837	2.45526	1.17656	8.14601	-6.23101	8.15	-6.25	2.72645	0.908817
8.23243	-6.11499	1.76249	1.62137	8.37368	-6.18614	8.25	-6.1	1.81898	2.72847
8.34364	-6.00008	1.8069	1.69862	8.35502	-5.95811	8.35	-5.95	1.81897	2.72844
8.52055	-5.93912	2.51127	1.29419	8.43843	-5.87193	8.5	-5.9	2.72647	0.90883
8.65474	-5.86901	2.50172	1.28883	8.64201	-5.86567	8.65	-5.85	2.72645	0.908817
8.74956	-5.77653	2.1137	1.51253	8.76652	-5.75601	8.75	-5.75	1.81789	1.81788
8.86701	-5.68012	2.12184	1.54893	8.85198	-5.65134	8.85	-5.65	1.81789	1.81788
9.01058	-5.59712	2.38439	1.43768	8.91028	-5.47662	9	-5.55	2.73109	1.82073
9.14615	-5.49808	2.40279	1.49514	9.13482	-5.45989	9.15	-5.45	2.73106	1.82072
9.25037	-5.40093	2.1199	1.6479	9.32693	-5.39468	9.25	-5.35	1.81796	1.81795
9.36355	-5.29588	2.11801	1.68561	9.33045	-5.26019	9.35	-5.25	1.81794	1.81793
9.50388	-5.20476	2.34171	1.60417	9.4498	-5.12838	9.5	-5.15	2.72905	1.81937
9.64115	-5.08898	2.37053	1.68556	9.63754	-5.04328	9.65	-5.05	2.72903	1.81935
9.69017	-4.98115	1.69496	1.97517	9.83281	-5.00671	9.7	-4.95	0.998666	1.99733
9.77249	-4.87209	1.69362	2.00211	9.74856	-4.84745	9.75	-4.85	0.998656	1.99731
9.88185	-4.76774	1.81256	1.95417	9.96003	-4.81123	9.85	-4.75	1.8172	1.81719
9.97085	-4.66615	1.78784	1.9318	9.93394	-4.66432	9.95	-4.65	1.81717	1.81717
10.0777	-4.56255	1.84521	1.91171	10.1357	-4.58625	10.05	-4.55	1.82042	1.82043
10.173	-4.45489	1.83319	1.91621	10.1444	-4.44253	10.15	-4.45	1.82041	1.82042
10.3253	-4.36072	2.30029	1.76199	10.3185	-4.35401	10.3	-4.35	2.72672	1.81782
10.4527	-4.25794	2.3038	1.7791	10.4496	-4.24828	10.45	-4.25	2.7267	1.8178
10.4741	-4.13339	1.3061	2.10272	10.5826	-4.11494	10.5	-4.1	0.908764	2.72628
10.5531	-3.99088	1.32825	2.18299	10.5542	-3.95161	10.55	-3.95	0.908764	2.72628
10.6417	-3.86628	1.45446	2.17135	10.6618	-3.80699	10.65	-3.8	1.8194	2.72911
10.7367	-3.70685	1.49545	2.29362	10.7602	-3.65417	10.75	-3.65	1.81939	2.72908
10.8516	-3.58308	1.78647	2.23009	10.8593	-3.57039	10.85	-3.55	1.81839	1.81838
10.9469	-3.46435	1.77949	2.21749	10.9375	-3.46792	10.95	-3.45	1.81838	1.81838
10.9827	-3.33145	1.19834	2.35568	11.0183	-3.30073	11	-3.3	0.908549	2.72563
11.056	-3.17776	1.21795	2.42877	11.0672	-3.14607	11.05	-3.15	0.908549	2.72564
11.1034	-3.03966	1.03626	2.47156	11.1054	-3.01303	11.1	-3	0.90888	2.72663
11.1603	-2.88177	1.04007	2.53589	11.1428	-2.8481	11.15	-2.85	0.908863	2.72661
11.207	-2.7382	0.953336	2.56009	11.1758	-2.69942	11.2	-2.7	0.909988	2.72995
11.2606	-2.57448	0.959171	2.62847	11.2495	-2.5409	11.25	-2.55	0.909988	2.72995
11.2074	-2.42917	-0.104888	2.76463	11.4549	-2.46508	11.2	-2.4	-0.907692	2.72306
11.1975	-2.26314	-0.111263	2.80409	11.1705	-2.24061	11.15	-2.25	-0.907683	2.72304
11.3186	-2.10665	1.09406	2.68531	11.2202	-2.08176	11.25	-2.1	1.8219	2.73284
11.3735	-1.96525	1.08351	2.66607	11.3536	-1.97104	11.35	-1.95	1.82188	2.73281
11.3568	-1.81743	0.427385	2.71995	11.224	-1.77367	11.35	-1.8	0	2.71996
11.3786	-1.65792	0.424529	2.74784	11.3661	-1.64386	11.35	-1.65	0	2.71993
11.3712	-1.50655	0.178906	2.76401	11.2691	-1.47976	11.35	-1.5	0	2.73448
11.3736	-1.35192	0.164909	2.77134	11.3391	-1.34511	11.35	-1.35	0	2.73446
11.2564	-1.22174	-0.995641	2.80064	11.2507	-1.19626	11.25	-1.2	-1.99969	2.99952
11.1981	-1.06695	-1.01113	2.84307	11.1532	-1.04324	11.15	-1.05	-1.99967	2.99949
11.1319	-0.922918	-1.09806	2.84958	10.9697	-0.89157	11.1	-0.9	-1.00006	3.00024
11.0756	-0.765327	-1.10079	2.89482	11.0654	-0.742685	11.05	-0.75	-1.00006	3.00021
10.9689	-0.617734	-1.50928	2.86368	10.8913	-0.655608	10.95	-0.649999	-1.81771	1.81773
10.8775	-0.497403	-1.52369	2.75026	10.8418	-0.549005	10.85	-0.549999	-1.81772	1.81773
10.7846	-0.358336	-1.62338	2.71312	10.827	-0.442912	10.75	-0.45	-1.81842	1.8184
10.6896	-0.269636	-1.63034	2.52971	10.6642	-0.353413	10.65	-0.35	-1.8184	1.81839
10.5123	-0.168534	-2.54194	2.44036	10.5503	-0.248633	10.5	-0.25	-3.00035	2.00024
10.3793	-0.0973662	-2.54851	2.28575	10.3487	-0.171899	10.35	-0.15	-3.00032	2.00022
10.2781	0.00540731	-2.29243	2.25611	10.2559	-0.115293	10.25	-0.0999996	-2.00053	1.00027
10.1601	0.0528796	-2.2924	2.05745	10.137	-0.0462889	10.15	-0.0499992	-2.00053	1.00027
10.0626	0.141622	-2.13358	2.01871	10.0717	0.0165033	10.05	9.49949e-07	-2.00009	1.00004
9.95306	0.169358	-2.13113	1.79563	9.92833	0.0556031	9.95	0.0500011	-2.00006	1.00003
9.80057	0.224555	-2.59252	1.67213	9.8478	0.0279858	9.8	0.0500011	-3.00025	0
9.67062	0.202947	-2.58153	1.3511	9.65029	0.0372757	9.65	0.0500011	-3.00024	0
9.51845	0.246576	-2.8162	1.26901	9.54682	0.0997641	9.5	0.100001	-2.99825	0.999409
9.37262	0.244335	-2.81905	1.06761	9.33515	0.138463	9.35	0.15	-2.99825	0.999409
9.28276	0.284169	-2.26439	1.02767	9.46113	0.134275	9.25	0.15	-1.81915	0
9.15708	0.269975	-2.26077	0.810821	9.13787	0.161547	9.15	0.15	-1.81913	0
8.99651	0.291017	-2.72528	0.735028	9.02723	0.196492	9	0.2	-2.99927	0.99976
8.8546	0.298344	-2.73355	0.644168	8.82128	0.250523	8.85	0.25	-2.99927	0.99976
8.69874	0.317056	-2.90891	0.59608	8.67607	0.247512	8.7	0.25	-2.99873	0
8.5537	0.308958	-2.90498	0.478953	8.54916	0.247046	8.55	0.25	-2.99871	0
8.41363	0.323237	-2.73043	0.446827	8.44086	0.253341	8.4	0.25	-2.72872	0
8.25888	0.313575	-2.73704	0.340658	8.2302	0.258614	8.25	0.25	-2.72871	0
8.10748	0.308713	-2.87874	0.267157	8.1066	0.204722	8.1	0.2	-2.99909	-0.9997
7.96295	0.249126	-2.87443	0.0398758	7.94777	0.127954	7.95	0.15	-2.9991	-0.9997
7.8093	0.233372	-2.97718	-0.0186157	7.82213	0.149733	7.8	0.15	-3.00101	0
7.65676	0.202903	-2.98264	-0.111164	7.63383	0.15164	7.65	0.15	-3.00099	0
7.5175	0.178725	-2.74162	-0.16421	7.49691	0.101076	7.5	0.100001	-2.72698	-0.908982
7.36466	0.130782	-2.74445	-0.286771	7.35046	0.0656199	7.35	0.0500011	-2.72695	-0.908974
7.26588	0.0912512	-2.33588	-0.363574	7.13188	-0.00451978	7.25	9.49949e-07	-2.00032	-1.00016
7.14975	0.0262973	-2.33432	-0.5119	7.14965	-0.0559868	7.15	-0.0499992	-2.0003	-1.00015
6.97841	-0.0312634	-2.66803	-0.604729	6.77233	-0.150907	7	-0.15	-2.72534	-1.8169
6.83634	-0.124627	-2.66043	-0.796218	6.85872	-0.227918	6.85	-0.25	-2.72532	-1.81688
6.80222	-0.218628	-1.69124	-0.996008	6.70421	-0.347264	6.8	-0.349999	-1.00053	-2.00107
6.72192	-0.329168	-1.68839	-1.19085	6.74687	-0.441006	6.75	-0.449999	-1.00054	-2.00107
6.62528	-0.418901	-1.83525	-1.28036	6.72084	-0.550555	6.65	-0.549999	-2.00016	-2.00017
6.53456	-0.531422	-1.84084	-1.43654	6.54837	-0.624094	6.55	-0.65	-2.00016	-2.00017
6.49808	-0.660974	-1.25906	-1.67374	6.40088	-0.78131	6.5	-0.799999	-0.999884	-2.99963
6.4337	-0.817172	-1.27813	-1.90776	6.44859	-0.960126	6.45	-0.949999	-0.999884	-2.99963
6.39762	-0.962346	-0.980813	-2.10846	6.37766	-1.0844	6.4	-1.1	-0.999984	-2.99995
6.34539	-1.12591	-1.00547	-2.29594	6.35596	-1.24356	6.35	-1.25	-0.999969	-2.99992
6.35747	-1.30041	-0.442652	-2.58119	6.5527	-1.43518	6.35	-1.4	0	-3.00132
6.33454	-1.46868	-0.460414	-2.70681	6.35503	-1.55184	6.35	-1.55	0	-3.00129
6.31553	-1.62618	-0.397938	-2.74806	6.33086	-1.6454	6.35	-1.65	0	-1.81769
6.30404	-1.76536	-0.370748	-2.70784	6.34356	-1.7483	6.35	-1.75	0	-1.81769
6.32896	-1.93544	0.0626817	-2.92541	6.34522	-1.96081	6.35	-1.95	0	-3.99976
6.33157	-2.09457	0.0545861	-2.96571	6.34095	-2.12276	6.35	-2.15	0	-3.99972
6.31629	-2.23182	-0.119634	-2.88151	6.3068	-2.23646	6.35	-2.25	0	-2
6.31879	-2.36629	-0.0965591	-2.84932	6.34785	-2.35274	6.35	-2.35	0	-1.99998
6.3198	-2.50931	-0.0227229	-2.87546	6.26272	-2.46894	6.35	-2.5	0	-3
6.32775	-2.64741	-0.000321928	-2.8552	6.36265	-2.64414	6.35	-2.65	0	-3
6.37621	-2.8172	0.472435	-3.10114	6.38105	-2.77438	6.4	-2.8	1.00003	-3.00012
6.41347	-2.96126	0.508312	-3.06331	6.461	-2.95066	6.45	-2.95	1.00003	-3.00009
6.47753	-3.14569	0.890083	-3.30432	6.50958	-3.15806	6.5	-3.15	0.999284	-3.99712
6.52463	-3.32424	0.886761	-3.34246	6.55345	-3.36165	6.55	-3.35	0.999284	-3.99712
6.54872	-3.47091	0.568944	-3.08266	6.64067	-3.46888	6.6	-3.45	0.909922	-1.81983
6.59922	-3.60846	0.632655	-2.98243	6.63536	-3.55462	6.65	-3.55	0.909917	-1.81984
6.66246	-3.76326	0.894084	-3.09929	6.70376	-3.69784	6.7	-3.7	0.999335	-2.99802
6.72321	-3.89202	0.947385	-3.0171	6.75151	-3.84595	6.75	-3.85	0.99934	-2.99802
6.76383	-4.03723	0.851369	-2.91032	6.65288	-3.91672	6.8	-4	0.908549	-2.72564
6.82551	-4.17941	0.896643	-2.85299	6.85764	-4.15466	6.85	-4.15	0.908537	-2.72561
6.85278	-4.30225	0.613024	-2.60109	6.9447	-4.2991	6.9	-4.25	0.90988	-1.81977
6.91143	-4.40595	0.695196	-2.48012	6.94846	-4.34203	6.95	-4.35	0.909876	-1.81975
6.98108	-4.54507	0.965832	-2.63989	7.09552	-4.55441	7	-4.5	1.00008	-3.00024
7.03373	-4.66684	0.982468	-2.60958	7.03506	-4.6461	7.05	-4.65	1.00008	-3.00024
7.13436	-4.83616	1.43603	-2.94256	7.25009	-4.88515	7.15	-4.8	1.99984	-2.99976
7.22459	-4.96195	1.49179	-2.87508	7.26242	-4.9318	7.25	-4.95	1.99984	-2.99976
7.26227	-5.0669	1.0863	-2.53994	7.33292	-5.08676	7.3	-5.05	1.00028	-2.00057
7.32894	-5.17855	1.12446	-2.49225	7.3521	-5.15533	7.35	-5.15	1.00028	-2.00056
7.39012	-5.30313	1.16046	-2.50753	7.40318	-5.28627	7.4	-5.3	1.00003	-3.00012
7.44489	-5.43374	1.14964	-2.52324	7.44098	-5.44336	7.45	-5.45	1.00004	-3.00012
7.51495	-5.56784	1.28538	-2.62222	7.46878	-5.50726	7.55	-5.55	1.99961	-1.99961
7.6057	-5.67429	1.36217	-2.54298	7.66561	-5.647	7.65	-5.65	1.9996	-1.9996
7.66718	-5.79416	1.27886	-2.47144	7.70927	-5.8194	7.7	-5.8	1.00027	-3.00084
7.73289	-5.92809	1.27641	-2.49801	7.75724	-5.96146	7.75	-5.95	1.00028	-3.00084
7.80488	-6.05547	1.38212	-2.56964	7.71187	-5.94164	7.85	-6.05	1.9998	-1.99981
7.89704	-6.16438	1.44801	-2.50634	7.95005	-6.14609	7.95	-6.15	1.9998	-1.9998
7.94708	-6.26261	1.18268	-2.26307	8.03808	-6.28852	8	-6.25	1.00004	-2.00008
8.01758	-6.36625	1.21508	-2.23235	8.04346	-6.35767	8.05	-6.35	1.00004	-2.00008
8.12219	-6.51583	1.64767	-2.59462	8.1071	-6.48544	8.15	-6.5	1.99951	-2.99928
8.21641	-6.64405	1.67627	-2.58448	8.25742	-6.66007	8.25	-6.65	1.9995	-2.99925
8.26462	-6.73917	1.18613	-2.14276	8.38768	-6.7963	8.3	-6.75	0.90921	-1.81841
8.3288	-6.86079	1.1815	-2.15317	8.33159	-6.8699	8.35	-6.85	0.90921	-1.81841
8.4171	-6.99679	1.40615	-2.35586	8.58336	-7.15056	8.4	-7	1.0001	-3.00036
8.47513	-7.12966	1.36822	-2.40101	8.45779	-7.15285	8.45	-7.15	1.00011	-3.00036
8.54655	-7.25323	1.45968	-2.48261	8.37938	-7.10665	8.55	-7.25	1.99907	-1.99908
8.63056	-7.36459	1.49336	-2.44413	8.647	-7.3454	8.65	-7.35	1.99908	-1.99908
8.71178	-7.49643	1.54485	-2.50169	8.76035	-7.57239	8.7	-7.5	1.00058	-3.00174
8.77703	-7.63633	1.50769	-2.54575	8.76121	-7.66039	8.75	-7.65	1.00057	-3.00171
8.81728	-7.73133	1.16688	-2.23733	8.81118	-7.75569	8.8	-7.75	0.999844	-1.99968
8.86786	-7.84493	1.14741	-2.24575	8.84363	-7.83628	8.85	-7.85	0.999844	-1.99968
8.98065	-8.01348	1.65935	-2.73061	9.07758	-8.1058	8.95	-8	2.00017	-3.00024
9.05958	-8.15381	1.64749	-2.74228	9.05238	-8.15838	9.05	-8.15	2.00014	-3.00021
9.1001	-8.24964	1.25161	-2.36716	9.05557	-8.22632	9.1	-8.25	0.998905	-1.99781
9.16262	-8.36413	1.25363	-2.35724	9.15492	-8.35136	9.15	-8.35	0.998886	-1.99779
9.22995	-8.49276	1.21051	-2.3185	9.30408	-8.57245	9.2	-8.5	0.908863	-2.72657
9.28148	-8.63296	1.1669	-2.35765	9.2543	-8.64461	9.25	-8.65	0.908855	-2.72655
9.33394	-8.75826	1.12782	-2.34073	9.15971	-8.67035	9.3	-8.8	0.909475	-2.72841
9.37472	-8.91244	1.0622	-2.41486	9.35164	-8.95148	9.35	-8.95	0.909466	-2.72839
9.45156	-9.06665	1.29042	-2.66981	9.47941	-9.179	9.4	-9.1	0.999765	-2.99935
9.48972	-9.22156	1.21426	-2.73607	9.44272	-9.24111	9.45	-9.25	0.999774	-2.99934
9.51882	-9.33222	0.839422	-2.35346	9.53008	-9.38561	9.5	-9.35	0.908962	-1.81792
9.57119	-9.45297	0.859411	-2.32897	9.5752	-9.43724	9.55	-9.45	0.908954	-1.8179
9.62237	-9.58884	0.909327	-2.39152	9.60163	-9.60777	9.6	-9.6	0.909988	-2.72996
9.65451	-9.73661	0.856522	-2.44037	9.62903	-9.75552	9.65	-9.75	0.909971	-2.72993
9.7122	-9.88626	0.970116	-2.5717	9.69155	-9.89958	9.7	-9.9	0.907972	-2.7239
9.75678	-10.0361	0.943792	-2.5961	9.74482	-10.046	9.75	-10.05	0.907972	-2.72391
9.7798	-10.1508	0.701388	-2.34674	9.69256	-10.1336	9.75	-10.2	0	-2.73106
9.78853	-10.3093	0.611572	-2.4329	9.75264	-10.3488	9.75	-10.35	0	-2.73105
9.84897	-10.4726	0.918069	-2.79481	9.82419	-10.5024	9.8	-10.5	1	-2.99999
9.87057	-10.6317	0.847167	-2.85344	9.83234	-10.6514	9.85	-10.65	0.999994	-2.99996
9.8964	-10.7587	0.713066	-2.71165	9.825	-10.7525	9.85	-10.8	0	-3.00047
9.89863	-10.9233	0.61371	-2.79759	9.85033	-10.9603	9.85	-10.95	0	-3.00048
9.88972	-11.0161	0.201243	-2.31851	9.91881	-11.1448	9.85	-11.05	0	-1.9956
9.88548	-11.1422	0.159971	-2.34916	9.86057	-11.1502	9.85	-11.15	0	-1.99559
9.89493	-11.2771	0.191508	-2.40163	9.83851	-11.2795	9.85	-11.3	0	-2.73184
9.87894	-11.4288	0.114008	-2.46111	9.83839	-11.4483	9.85	-11.45	0	-2.73182
9.87815	-11.5526	0.0838637	-2.44995	9.79654	-11.5922	9.8	-11.6	-0.998566	-2.9957
9.83288	-11.7115	-0.0609334	-2.55882	9.75592	-11.7487	9.75	-11.75	-0.998566	-2.99569
9.83246	-11.8654	-0.00549456	-2.65712	9.77699	-11.9246	9.75	-11.9	0	-2.73084
9.80307	-12.0314	-0.0903581	-2.71735	9.75861	-12.0491	9.75	-12.05	0	-2.73085
9.75756	-12.133	-0.453574	-2.26283	9.63743	-12.1863	9.65	-12.2	-1.81598	-2.72396
9.66465	-12.3036	-0.652204	-2.40045	9.56514	-12.3446	9.55	-12.35	-1.81597	-2.72396
9.58071	-12.3731	-1.10244	-1.80371	9.47157	-12.4849	9.45	-12.45	-1.82132	-1.82133
9.45169	-12.5135	-1.3011	-1.92913	9.34752	-12.5408	9.35	-12.55	-1.82131	-1.82131
9.37894	-12.6299	-1.28553	-1.98639	9.32154	-12.7193	9.3	-12.65	-0.908038	-1.81606
9.28446	-12.7483	-1.35192	-2.01734	9.24151	-12.7411	9.25	-12.75	-0.908029	-1.81605
9.15697	-12.7735	-1.85925	-1.25273	9.04013	-12.7738	9.05	-12.85	-3.64007	-1.82004
8.96524	-12.8964	-2.12179	-1.41309	8.83995	-12.9425	8.85	-12.95	-3.64007	-1.82003
8.84065	-12.9465	-2.27126	-1.20509	8.73518	-13.0163	8.75	-13	-1.9959	-0.997948
8.69281	-13.0244	-2.37009	-1.25859	8.6395	-13.0341	8.65	-13.05	-1.9959	-0.997948
8.54491	-13.0607	-2.53984	-0.971585	8.48414	-13.0416	8.5	-13.1	-2.73149	-0.910502
8.37894	-13.1295	-2.6182	-1.01641	8.34268	-13.1451	8.35	-13.15	-2.73146	-0.910485
8.22913	-13.1786	-2.66406	-0.946713	8.19497	-13.1991	8.2	-13.2	-2.72385	-0.907955
8.07382	-13.2347	-2.6891	-0.958765	8.06107	-13.2364	8.05	-13.25	-2.72383	-0.907947
7.90641	-13.2378	-2.90124	-0.536054	7.88931	-13.1791	7.9	-13.25	-2.72673	0
7.75314	-13.2601	-2.88061	-0.51813	7.75593	-13.2425	7.75	-13.25	-2.72673	0
7.57952	-13.2509	-3.0266	-0.218213	7.52542	-13.1457	7.6	-13.25	-2.72991	0
7.43069	-13.2515	-2.97364	-0.187113	7.44992	-13.2329	7.45	-13.25	-2.72991	0
7.2356	-13.1817	-3.30786	0.518219	7.19347	-13.1392	7.25	-13.2	-3.63887	0.909723
7.05334	-13.1548	-3.30987	0.514631	7.05468	-13.1604	7.05	-13.15	-3.63887	0.909723
6.88806	-13.1707	-3.12474	0.108985	6.90569	-13.1515	6.9	-13.15	-2.72312	0
6.72548	-13.1564	-3.09454	0.130191	6.73255	-13.1364	6.75	-13.15	-2.72312	0
6.57806	-13.163	-3.07239	0.0861425	6.69426	-13.3705	6.6	-13.15	-3.00475	0
6.42727	-13.155	-3.06343	0.0945255	6.42749	-13.1436	6.45	-13.15	-3.00472	0
6.27659	-13.1313	-3.11714	0.289799	6.4246	-13.2048	6.35	-13.1	-1.9976	0.998786
6.17561	-13.0912	-2.95216	0.361876	6.2503	-13.0552	6.25	-13.05	-1.99758	0.998786
6.0153	-13.0525	-3.01193	0.570249	6.162	-13.1569	6.1	-13	-2.72732	0.909111
5.89731	-12.9938	-2.86666	0.642898	5.95166	-12.9396	5.95	-12.95	-2.72732	0.909111
5.73837	-12.9387	-2.91224	0.802902	5.78184	-12.8825	5.8	-12.9	-2.72895	0.909657
5.61094	-12.8766	-2.81302	0.850708	5.64785	-12.8416	5.65	-12.85	-2.72896	0.909648
5.45186	-12.7911	-2.91978	1.20193	5.54035	-12.7925	5.55	-12.75	-1.81808	1.81809
5.35686	-12.6965	-2.72337	1.28118	5.43842	-12.6552	5.45	-12.65	-1.81809	1.81809
5.20768	-12.5951	-2.79289	1.55922	5.33087	-12.5965	5.3	-12.55	-2.7236	1.81575
5.08594	-12.4912	-2.69489	1.60632	5.12059	-12.4527	5.15	-12.45	-2.72358	1.81572
4.953	-12.418	-2.63713	1.52612	5.13793	-12.5907	5.05	-12.35	-1.81967	1.81966
4.87599	-12.2992	-2.43057	1.61874	4.95241	-12.2277	4.95	-12.25	-1.81967	1.81967
4.73725	-12.1638	-2.54122	2.0182	4.81467	-12.1072	4.85	-12.1	-1.81844	2.72766
4.66841	-12.0195	-2.32657	2.10817	4.75144	-11.9561	4.75	-11.95	-1.81844	2.72767
4.56575	-11.9313	-2.15667	1.76932	4.6829	-11.7433	4.7	-11.85	-0.909557	1.8191
4.54736	-11.7973	-1.85737	1.87519	4.67603	-11.7496	4.65	-11.75	-0.909553	1.81911
4.45433	-11.6728	-1.87083	2.05316	4.61619	-11.6508	4.6	-11.6	-0.907782	2.72335
4.43893	-11.5195	-1.60554	2.16346	4.5432	-11.4431	4.55	-11.45	-0.907778	2.72334
4.34306	-11.3237	-1.78022	2.8062	4.48104	-11.1618	4.5	-11.25	-0.910253	3.64099
4.3338	-11.1323	-1.51361	2.91212	4.44374	-11.0696	4.45	-11.05	-0.910253	3.64099
4.30586	-11.0599	-1.11352	2.03804	4.46178	-10.9843	4.45	-10.95	0	1.81804
4.33241	-10.914	-0.850489	2.13853	4.4464	-10.8663	4.45	-10.85	0	1.81805
4.32294	-10.8388	-0.666819	1.83021	4.60972	-11.1274	4.45	-10.75	0	1.81614
4.35571	-10.7033	-0.455558	1.9279	4.43858	-10.6346	4.45	-10.65	0	1.81614
4.31033	-10.5149	-0.715162	2.6594	4.43099	-10.4242	4.45	-10.45	0	3.6396
4.35096	-10.3272	-0.471908	2.77711	4.44616	-10.2449	4.45	-10.25	0	3.6396
4.36162	-10.1974	-0.270482	2.50087	4.52156	-10.1192	4.5	-10.1	0.910021	2.73005
4.43725	-10.0167	0.00277158	2.62912	4.55225	-9.94382	4.55	-9.95	0.910013	2.73003
4.45493	-9.87096	0.0510872	2.68432	4.5897	-9.73456	4.6	-9.8	0.999085	2.99725
4.53494	-9.70231	0.283306	2.7917	4.64586	-9.65356	4.65	-9.65	0.99908	2.99724
4.59495	-9.5884	0.605595	2.29802	4.61159	-9.38621	4.7	-9.55	0.910095	1.82021
4.6718	-9.45012	0.732487	2.34471	4.7442	-9.45683	4.75	-9.45	0.910091	1.82018
4.72055	-9.32334	0.766937	2.37889	4.80746	-9.23434	4.85	-9.3	1.99828	2.99743
4.82843	-9.17714	0.971632	2.47355	4.94202	-9.15915	4.95	-9.15	1.99826	2.99739
4.88871	-9.02492	0.94259	2.61077	5.03379	-9.03255	5	-9	0.908384	2.72514
4.98714	-8.8604	1.08	2.68143	5.06039	-8.84271	5.05	-8.85	0.908384	2.72514
5.09761	-8.75956	1.4334	2.2208	5.21058	-8.83852	5.15	-8.75	1.81679	1.8168
5.20609	-8.63227	1.51653	2.24863	5.26598	-8.6555	5.25	-8.65	1.81679	1.8168
5.29078	-8.50219	1.49882	2.30204	5.33786	-8.49992	5.35	-8.5	1.82017	2.73024
5.39586	-8.36604	1.5646	2.33733	5.43516	-8.36367	5.45	-8.35	1.82015	2.73022
5.50877	-8.25597	1.74349	2.14715	5.58025	-8.28767	5.55	-8.25	1.81852	1.81852
5.61733	-8.1404	1.77638	2.14915	5.65225	-8.1686	5.65	-8.15	1.8185	1.8185
5.73803	-8.04145	1.92531	1.98962	5.83663	-8.14888	5.75	-8.05	1.81752	1.81753
5.83115	-7.94071	1.88746	1.96124	5.81186	-7.95139	5.85	-7.95	1.81752	1.81752
5.94219	-7.84257	1.93558	1.90106	5.99151	-7.92468	5.95	-7.85	1.8194	1.8194
6.04654	-7.74138	1.92875	1.89201	6.04627	-7.74932	6.05	-7.75	1.81941	1.8194
6.12378	-7.6063	1.69961	2.14721	6.05883	-7.47931	6.15	-7.6	1.81742	2.72613
6.23722	-7.46909	1.75995	2.20566	6.26179	-7.43797	6.25	-7.45	1.8174	2.72611
6.38311	-7.37751	2.1668	1.83865	6.3458	-7.29797	6.4	-7.35	2.7248	1.81653
6.52153	-7.26139	2.22255	1.88747	6.55234	-7.24441	6.55	-7.25	2.72477	1.81651
6.65905	-7.17245	2.3722	1.73996	6.61964	-7.17343	6.65	-7.2	1.81957	0.909789
6.76731	-7.10425	2.30403	1.65752	6.74556	-7.15305	6.75	-7.15	1.81957	0.909785
6.90343	-7.02116	2.38176	1.58761	6.91901	-7.04822	6.9	-7.05	2.72946	1.81964
7.0437	-6.9317	2.40604	1.5995	7.06886	-6.94012	7.05	-6.95	2.72946	1.81964
7.14192	-6.82405	2.12371	1.81496	7.12574	-6.81829	7.15	-6.85	1.81554	1.81554
7.2554	-6.72927	2.11278	1.79952	7.25262	-6.73852	7.25	-6.75	1.81554	1.81554
7.35514	-6.62526	1.99904	1.86753	7.30586	-6.61905	7.35	-6.65	1.82007	1.82007
7.46109	-6.52843	1.98704	1.85017	7.45762	-6.53827	7.45	-6.55	1.82005	1.82005
7.6259	-6.46235	2.48499	1.48295	7.59546	-6.48319	7.6	-6.5	2.72628	0.908764
7.74939	-6.40502	2.44249	1.41149	7.74315	-6.44913	7.75	-6.45	2.72628	0.908764
7.86515	-6.32925	2.30673	1.46374	7.8486	-6.40709	7.85	-6.4	1.81656	0.908285
7.97244	-6.28309	2.24501	1.36101	7.9584	-6.34152	7.95	-6.35	1.81656	0.908281
8.09273	-6.21263	2.24253	1.34243	8.05398	-6.23227	8.1	-6.25	2.73006	1.82003
8.22317	-6.13847	2.25954	1.34818	8.24773	-6.1485	8.25	-6.15	2.73005	1.82003
8.36139	-6.06342	2.38314	1.29579	8.32369	-5.98136	8.4	-6.05	2.72692	1.81795
8.51355	-5.96768	2.44234	1.37399	8.55156	-5.93992	8.55	-5.95	2.7269	1.81794
8.61616	-5.87368	2.14902	1.55464	8.63806	-5.84559	8.65	-5.85	1.81844	1.81844
8.74333	-5.77355	2.17557	1.59948	8.7543	-5.75242	8.75	-5.75	1.81843	1.81843
8.89283	-5.69228	2.38585	1.50884	9.00947	-5.71389	8.9	-5.65	2.72464	1.81643
9.04062	-5.58115	2.43407	1.59486	9.06113	-5.54128	9.05	-5.55	2.72465	1.81643
9.14688	-5.48014	2.18925	1.72426	9.13937	-5.44533	9.15	-5.45	1.81916	1.81918
9.26708	-5.36964	2.19511	1.76731	9.24452	-5.3352	9.25	-5.35	1.81916	1.81916
9.38614	-5.27576	2.23252	1.73438	9.26221	-5.25032	9.35	-5.3	1.81895	0.909466
9.48404	-5.21633	2.16513	1.62091	9.43645	-5.25801	9.45	-5.25	1.81894	0.90947
9.56412	-5.11607	1.76171	1.79665	9.71784	-5.19928	9.55	-5.1	1.81986	2.72981
9.66459	-4.99455	1.77798	1.86214	9.64908	-4.9531	9.65	-4.95	1.81987	2.72981
9.76201	-4.88848	1.8035	1.8601	9.67182	-4.82288	9.75	-4.85	1.81736	1.81735
9.86623	-4.77087	1.81945	1.90554	9.86682	-4.74721	9.85	-4.75	1.81736	1.81735
9.96187	-4.66323	1.78341	1.92372	9.94653	-4.64316	9.95	-4.65	1.81806	1.81805
10.0636	-4.55097	1.79322	1.9438	10.0706	-4.54316	10.05	-4.55	1.81805	1.81805
10.2287	-4.46045	2.32378	1.76391	10.4074	-4.52899	10.2	-4.45	2.72609	1.8174
10.3547	-4.35978	2.32113	1.7733	10.3431	-4.35107	10.35	-4.35	2.72606	1.81737
10.3787	-4.23431	1.37754	2.09032	10.3837	-4.17982	10.4	-4.2	0.908945	2.72688
10.4593	-4.09988	1.39305	2.14824	10.4578	-4.07071	10.45	-4.05	0.908953	2.72687
10.5768	-3.98593	1.76893	2.0496	10.5531	-3.94939	10.55	-3.95	1.81903	1.81904
10.6701	-3.863	1.76349	2.07734	10.6424	-3.84126	10.65	-3.85	1.81902	1.81903
10.7555	-3.73951	1.70478	2.11223	10.6157	-3.63689	10.75	-3.7	1.81931	2.72896
10.8571	-3.58903	1.72917	2.21515	10.8572	-3.53957	10.85	-3.55	1.81931	2.72896
10.8993	-3.46358	1.3511	2.32745	10.8149	-3.35552	10.9	-3.4	0.999745	2.99928
10.9677	-3.31014	1.36172	2.43568	10.9372	-3.24816	10.95	-3.25	0.999754	2.99928
11.0804	-3.17509	1.76984	2.36449	10.9078	-3.10703	11.05	-3.15	1.81764	1.81765
11.1689	-3.05251	1.75061	2.33916	11.135	-3.05697	11.15	-3.05	1.81763	1.81764
11.2092	-2.91739	1.25602	2.43173	11.1507	-2.87978	11.2	-2.9	0.909657	2.72896
11.2765	-2.76837	1.25511	2.47639	11.2571	-2.74346	11.25	-2.75	0.909648	2.72893
11.2062	-2.63321	0.00982638	2.67677	11.2614	-2.58697	11.2	-2.6	-0.998725	2.99617
11.1967	-2.484	-0.0068575	2.71838	11.1393	-2.45312	11.15	-2.45	-0.998725	2.99616
11.2581	-2.33121	0.572667	2.6601	11.2346	-2.28949	11.2	-2.3	0.908813	2.72643
11.2813	-2.179	0.557003	2.675	11.239	-2.16508	11.25	-2.15	0.908805	2.7264
11.3275	-2.02792	0.76126	2.66358	11.1623	-1.9797	11.3	-2	0.909855	2.72956
11.3656	-1.86989	0.754982	2.69728	11.3424	-1.85113	11.35	-1.85	0.909847	2.72953
